0.000000 -0.000000 0.000000 
0.000000 -0.000000 0.000000 
-0.958046 -0.286613 1.000000 
-0.876457 0.481481 1.000000 
-0.272410 0.962181 1.000000 
0.493176 0.869930 1.000000 
0.965379 0.260851 1.000000 
0.864881 -0.501976 1.000000 
0.252398 -0.967623 1.000000 
-0.508316 -0.861171 1.000000 
-0.968997 -0.247074 1.000000 
-0.859081 0.511840 1.000000 
-0.244459 0.969660 1.000000 
0.512571 0.858645 1.000000 
0.969416 0.245425 1.000000 
0.859871 -0.510512 1.000000 
0.248671 -0.968588 1.000000 
-0.506036 -0.862512 1.000000 
-0.966812 -0.255488 1.000000 
-0.866532 0.499122 1.000000 
-0.264993 0.964250 1.000000 
0.489347 0.872089 1.000000 
0.960698 0.277594 1.000000 
0.879302 -0.476265 1.000000 
0.292826 -0.956166 1.000000 
-0.460592 -0.887612 1.000000 
-0.950247 -0.311497 1.000000 
-0.896885 0.442265 1.000000 
-0.332269 0.943185 1.000000 
0.420807 0.907150 1.000000 
0.934358 0.356335 1.000000 
0.918194 -0.396132 1.000000 
0.382756 -0.923850 1.000000 
-0.368150 -0.929766 1.000000 
-0.911262 -0.411828 1.000000 
-0.941435 0.337195 1.000000 
-0.443400 0.896324 1.000000 
0.302778 0.953061 1.000000 
0.878960 0.476895 1.000000 
0.964176 -0.265262 1.000000 
0.512502 -0.858686 1.000000 
-0.223742 -0.974648 1.000000 
-0.835189 -0.549963 1.000000 
-0.983839 0.179056 1.000000 
-0.588616 0.808413 1.000000 
0.131222 0.991353 1.000000 
0.777813 0.628496 1.000000 
0.996843 -0.079399 1.000000 
0.668872 -0.743377 1.000000 
-0.024560 -0.999698 1.000000 
-0.704231 -0.709971 1.000000 
-0.999435 -0.033598 1.000000 
-0.750637 0.660715 1.000000 
-0.094432 0.995531 1.000000 
0.612292 0.790631 1.000000 
0.987420 0.158121 1.000000 
0.829077 -0.559134 1.000000 
0.224324 -0.974515 1.000000 
-0.500762 -0.865585 1.000000 
-0.956361 -0.292187 1.000000 
-0.899414 0.437097 1.000000 
-0.361637 0.932319 1.000000 
0.368559 0.929604 1.000000 
0.901843 0.432064 1.000000 
0.955674 -0.294425 1.000000 
0.502757 -0.864428 1.000000 
-0.215740 -0.976451 1.000000 
-0.819883 -0.572531 1.000000 
-0.991136 0.132850 1.000000 
-0.640879 0.767642 1.000000 
0.045775 0.998952 1.000000 
0.707745 0.706468 1.000000 
0.998992 0.044894 1.000000 
0.768851 -0.639428 1.000000 
0.138411 -0.990375 1.000000 
-0.563695 -0.825983 1.000000 
-0.972373 -0.233431 1.000000 
-0.877459 0.479652 1.000000 
-0.329335 0.944213 1.000000 
0.388370 0.921503 1.000000 
0.905244 0.424892 1.000000 
0.957158 -0.289566 1.000000 
0.518320 -0.855187 1.000000 
-0.185253 -0.982691 1.000000 
-0.793550 -0.608505 1.000000 
-0.997174 0.075122 1.000000 
-0.693772 0.720195 1.000000 
-0.038736 0.999249 1.000000 
0.635569 0.772044 1.000000 
0.987937 0.154858 1.000000 
0.841815 -0.539767 1.000000 
0.272429 -0.962176 1.000000 
-0.433459 -0.901173 1.000000 
-0.921565 -0.388223 1.000000 
-0.948067 0.318071 1.000000 
-0.501371 0.865232 1.000000 
0.194564 0.980890 1.000000 
0.793103 0.609088 1.000000 
0.997909 -0.064640 1.000000 
0.708548 -0.705663 1.000000 
0.069633 -0.997573 1.000000 
-0.603260 -0.797544 1.000000 
-0.978680 -0.205393 1.000000 
-0.873447 0.486920 1.000000 
-0.339929 0.940451 1.000000 
0.358571 0.933502 1.000000 
0.882092 0.471077 1.000000 
0.975532 -0.219856 1.000000 
0.594772 -0.803894 1.000000 
-0.073728 -0.997278 1.000000 
-0.706185 -0.708027 1.000000 
-0.997012 -0.077246 1.000000 
-0.807361 0.590058 1.000000 
-0.230056 0.973177 1.000000 
0.457663 0.889126 1.000000 
0.925174 0.379542 1.000000 
0.950377 -0.311101 1.000000 
0.522444 -0.852674 1.000000 
-0.153482 -0.988151 1.000000 
-0.756157 -0.654390 1.000000 
-0.999940 -0.010969 1.000000 
-0.770919 0.636933 1.000000 
-0.178319 0.983973 1.000000 
0.497191 0.867641 1.000000 
0.939087 0.343680 1.000000 
0.940108 -0.340876 1.000000 
0.501377 -0.865229 1.000000 
-0.170804 -0.985305 1.000000 
-0.763040 -0.646351 1.000000 
-0.999970 -0.007805 1.000000 
-0.773055 0.634339 1.000000 
-0.188914 0.981994 1.000000 
0.482496 0.875898 1.000000 
0.930468 0.366372 1.000000 
0.950437 -0.310916 1.000000 
0.534446 -0.845202 1.000000 
-0.126121 -0.992015 1.000000 
-0.727998 -0.685579 1.000000 
-0.997761 -0.066886 1.000000 
-0.813267 0.581890 1.000000 
-0.260103 0.965581 1.000000 
0.410507 0.911857 1.000000 
0.894909 0.446249 1.000000 
0.975422 -0.220346 1.000000 
0.617262 -0.786758 1.000000 
-0.018080 -0.999837 1.000000 
-0.644256 -0.764810 1.000000 
-0.982145 -0.188127 1.000000 
-0.881714 0.471785 1.000000 
-0.388857 0.921298 1.000000 
0.276141 0.961117 1.000000 
0.818055 0.575139 1.000000 
0.997889 -0.064947 1.000000 
0.737228 -0.675644 1.000000 
0.152882 -0.988244 1.000000 
-0.498580 -0.866844 1.000000 
-0.930758 -0.365636 1.000000 
-0.955549 0.294833 1.000000 
-0.563686 0.825989 1.000000 
0.073735 0.997278 1.000000 
0.677699 0.735340 1.000000 
0.987954 0.154747 1.000000 
0.870538 -0.492101 1.000000 
0.377732 -0.925915 1.000000 
-0.277439 -0.960743 1.000000 
-0.812385 -0.583122 1.000000 
-0.999030 0.044045 1.000000 
-0.758226 0.651992 1.000000 
-0.194560 0.980891 1.000000 
0.451542 0.892250 1.000000 
0.905399 0.424562 1.000000 
0.974923 -0.222544 1.000000 
0.632204 -0.774802 1.000000 
0.023338 -0.999728 1.000000 
-0.594978 -0.803742 1.000000 
-0.962843 -0.270062 1.000000 
-0.926863 0.375399 1.000000 
-0.503560 0.863960 1.000000 
0.129696 0.991554 1.000000 
0.707864 0.706349 1.000000 
0.991768 0.128044 1.000000 
0.864516 -0.502606 1.000000 
0.380283 -0.924870 1.000000 
-0.260465 -0.965483 1.000000 
-0.793286 -0.608849 1.000000 
-0.999997 -0.002403 1.000000 
-0.797031 0.603938 1.000000 
-0.268662 0.963234 1.000000 
0.368535 0.929614 1.000000 
0.855435 0.517909 1.000000 
0.994635 -0.103445 1.000000 
0.731183 -0.682182 1.000000 
0.172551 -0.985001 1.000000 
-0.454930 -0.890527 1.000000 
-0.899021 -0.437906 1.000000 
-0.981891 0.189445 1.000000 
-0.671930 0.740615 1.000000 
-0.094207 0.995553 1.000000 
0.520674 0.853756 1.000000 
0.927887 0.372862 1.000000 
0.966890 -0.255195 1.000000 
0.623400 -0.781903 1.000000 
0.034336 -0.999410 1.000000 
-0.567506 -0.823369 1.000000 
-0.946048 -0.324026 1.000000 
-0.953415 0.301661 1.000000 
-0.588230 0.808693 1.000000 
0.006147 0.999981 1.000000 
0.597388 0.801952 1.000000 
0.956106 0.293023 1.000000 
0.944310 -0.329058 1.000000 
0.567710 -0.823229 1.000000 
-0.027121 -0.999632 1.000000 
-0.611134 -0.791527 1.000000 
-0.959982 -0.280061 1.000000 
-0.941340 0.337460 1.000000 
-0.563432 0.826163 1.000000 
0.028584 0.999591 1.000000 
0.609343 0.792906 1.000000 
0.958161 0.286230 1.000000 
0.944572 -0.328305 1.000000 
0.574844 -0.818263 1.000000 
-0.010983 -0.999940 1.000000 
-0.591575 -0.806250 1.000000 
-0.950552 -0.310566 1.000000 
-0.953895 0.300139 1.000000 
-0.601843 0.798614 1.000000 
-0.026131 0.999659 1.000000 
0.558162 0.829732 1.000000 
0.935614 0.353023 1.000000 
0.967385 -0.253312 1.000000 
0.643234 -0.765670 1.000000 
0.083116 -0.996540 1.000000 
-0.506713 -0.862115 1.000000 
-0.910904 -0.412618 1.000000 
-0.982408 0.186749 1.000000 
-0.696630 0.717431 1.000000 
-0.158683 0.987330 1.000000 
0.436314 0.899794 1.000000 
0.873054 0.487624 1.000000 
0.994995 -0.099921 1.000000 
0.759261 -0.650786 1.000000 
0.252260 -0.967659 1.000000 
-0.344884 -0.938645 1.000000 
-0.818229 -0.574893 1.000000 
-0.999974 -0.007189 1.000000 
-0.826930 0.562306 1.000000 
-0.361374 0.932421 1.000000 
0.231110 0.972928 1.000000 
0.741768 0.670657 1.000000 
0.991098 0.133138 1.000000 
0.892877 -0.450301 1.000000 
0.482915 -0.875667 1.000000 
-0.095111 -0.995467 1.000000 
-0.639285 -0.768970 1.000000 
-0.961100 -0.276201 1.000000 
-0.950152 0.311787 1.000000 
-0.611325 0.791379 1.000000 
-0.062628 0.998037 1.000000 
0.507189 0.861835 1.000000 
0.902520 0.430648 1.000000 
0.989071 -0.147438 1.000000 
0.738607 -0.674137 1.000000 
0.237372 -0.971419 1.000000 
-0.343610 -0.939112 1.000000 
-0.808233 -0.588862 1.000000 
-0.999156 -0.041068 1.000000 
-0.854081 0.520140 1.000000 
-0.422061 0.906567 1.000000 
0.150403 0.988625 1.000000 
0.671882 0.740658 1.000000 
0.969109 0.246632 1.000000 
0.944355 -0.328927 1.000000 
0.606568 -0.795032 1.000000 
0.069158 -0.997606 1.000000 
-0.490648 -0.871358 1.000000 
-0.888654 -0.458577 1.000000 
-0.994571 0.104063 1.000000 
-0.775349 0.631533 1.000000 
-0.303600 0.952799 1.000000 
0.266590 0.963810 1.000000 
0.749464 0.662045 1.000000 
0.989205 0.146540 1.000000 
0.909412 -0.415897 1.000000 
0.536929 -0.843628 1.000000 
-0.007359 -0.999973 1.000000 
-0.548888 -0.835896 1.000000 
-0.914303 -0.405030 1.000000 
-0.988040 0.154198 1.000000 
-0.747725 0.664008 1.000000 
-0.270779 0.962642 1.000000 
0.291029 0.956714 1.000000 
0.760370 0.649490 1.000000 
0.990381 0.138365 1.000000 
0.909644 -0.415388 1.000000 
0.544442 -0.838799 1.000000 
0.009943 -0.999951 1.000000 
-0.526869 -0.849946 1.000000 
-0.899597 -0.436721 1.000000 
-0.993790 0.111274 1.000000 
-0.781029 0.624495 1.000000 
-0.328488 0.944508 1.000000 
0.224500 0.974474 1.000000 
0.708298 0.705913 1.000000 
0.974922 0.222547 1.000000 
0.944613 -0.328186 1.000000 
0.627649 -0.778497 1.000000 
0.121268 -0.992620 1.000000 
-0.421335 -0.906905 1.000000 
-0.836288 -0.548290 1.000000 
-0.999682 -0.025231 1.000000 
-0.863349 0.504608 1.000000 
-0.469418 0.882976 1.000000 
0.063639 0.997973 1.000000 
0.577383 0.816474 1.000000 
0.919353 0.393433 1.000000 
0.989350 -0.145555 1.000000 
0.767964 -0.640493 1.000000 
0.320843 -0.947132 1.000000 
-0.219251 -0.975668 1.000000 
-0.694868 -0.719137 1.000000 
-0.967336 -0.253497 1.000000 
-0.958388 0.285469 1.000000 
-0.671982 0.740568 1.000000 
-0.191744 0.981445 1.000000 
0.342973 0.939345 1.000000 
0.778999 0.627025 1.000000 
0.990691 0.136132 1.000000 
0.919266 -0.393638 1.000000 
0.585902 -0.810382 1.000000 
0.086589 -0.996244 1.000000 
-0.436472 -0.899718 1.000000 
-0.835789 -0.549051 1.000000 
-0.999021 -0.044243 1.000000 
-0.881489 0.472205 1.000000 
-0.517080 0.855937 1.000000 
-0.008788 0.999961 1.000000 
0.501157 0.865356 1.000000 
0.871465 0.490457 1.000000 
0.999806 -0.019708 1.000000 
0.851710 -0.524013 1.000000 
0.469535 -0.882914 1.000000 
-0.041224 -0.999150 1.000000 
-0.540271 -0.841491 1.000000 
-0.890713 -0.454566 1.000000 
-0.998444 0.055762 1.000000 
-0.834820 0.550522 1.000000 
-0.445319 0.895372 1.000000 
0.063332 0.997993 1.000000 
0.554534 0.832161 1.000000 
0.896675 0.442689 1.000000 
0.997954 -0.063943 1.000000 
0.832862 -0.553481 1.000000 
0.446703 -0.894682 1.000000 
-0.057596 -0.998340 1.000000 
-0.545855 -0.837880 1.000000 
-0.889712 -0.456523 1.000000 
-0.999019 0.044283 1.000000 
-0.846322 0.532672 1.000000 
-0.472443 0.881361 1.000000 
0.023994 0.999712 1.000000 
0.513389 0.858156 1.000000 
0.869301 0.494283 1.000000 
0.999995 0.003277 1.000000 
0.872972 -0.487769 1.000000 
0.521775 -0.853083 1.000000 
0.037959 -0.999279 1.000000 
-0.455527 -0.890222 1.000000 
-0.831902 -0.554922 1.000000 
-0.996867 -0.079101 1.000000 
-0.909205 0.416348 1.000000 
-0.592479 0.805586 1.000000 
-0.127026 0.991899 1.000000 
0.369497 0.929232 1.000000 
0.772890 0.634540 1.000000 
0.983307 0.181956 1.000000 
0.949066 -0.315078 1.000000 
0.679602 -0.733581 1.000000 
0.242658 -0.970112 1.000000 
-0.253296 -0.967389 1.000000 
-0.686598 -0.727037 1.000000 
-0.951042 -0.309062 1.000000 
-0.983080 0.183174 1.000000 
-0.775932 0.630816 1.000000 
-0.380859 0.924633 1.000000 
0.105621 0.994406 1.000000 
0.566197 0.824270 1.000000 
0.889651 0.456641 1.000000 
0.999791 -0.020449 1.000000 
0.870909 -0.491444 1.000000 
0.534766 -0.845000 1.000000 
0.072272 -0.997385 1.000000 
-0.406924 -0.913462 1.000000 
-0.788971 -0.614430 1.000000 
-0.985229 -0.171243 1.000000 
-0.950174 0.311721 1.000000 
-0.692985 0.720952 1.000000 
-0.274792 0.961504 1.000000 
0.206456 0.978456 1.000000 
0.639463 0.768822 1.000000 
0.924119 0.382104 1.000000 
0.995736 -0.092244 1.000000 
0.838946 -0.544215 1.000000 
0.490569 -0.871402 1.000000 
0.030615 -0.999531 1.000000 
-0.435087 -0.900389 1.000000 
-0.802132 -0.597146 1.000000 
-0.987134 -0.159896 1.000000 
-0.949772 0.312944 1.000000 
-0.699396 0.714734 1.000000 
-0.293152 0.956066 1.000000 
0.178075 0.984017 1.000000 
0.608889 0.793255 1.000000 
0.904141 0.427234 1.000000 
0.999462 -0.032792 1.000000 
0.874640 -0.484773 1.000000 
0.557909 -0.829902 1.000000 
0.120115 -0.992760 1.000000 
-0.343439 -0.939175 1.000000 
-0.731578 -0.681757 1.000000 
-0.960895 -0.276914 1.000000 
-0.982366 0.186970 1.000000 
-0.792553 0.609803 1.000000 
-0.432918 0.901433 1.000000 
0.018606 0.999827 1.000000 
0.465339 0.885132 1.000000 
0.812805 0.582536 1.000000 
0.987570 0.157180 1.000000 
0.953637 -0.300960 1.000000 
0.719397 -0.694599 1.000000 
0.334663 -0.942338 1.000000 
-0.119232 -0.992866 1.000000 
-0.547858 -0.836571 1.000000 
-0.861981 -0.506940 1.000000 
-0.997323 -0.073127 1.000000 
-0.927052 0.374932 1.000000 
-0.666114 0.745850 1.000000 
-0.269498 0.963001 1.000000 
0.181751 0.983344 1.000000 
0.595174 0.803597 1.000000 
0.887009 0.461751 1.000000 
0.999645 0.026650 1.000000 
0.910734 -0.412993 1.000000 
0.639302 -0.768956 1.000000 
0.240227 -0.970717 1.000000 
-0.205983 -0.978556 1.000000 
-0.610437 -0.792065 1.000000 
-0.893389 -0.449283 1.000000 
-0.999842 -0.017772 1.000000 
-0.909548 0.415599 1.000000 
-0.641039 0.767508 1.000000 
-0.247822 0.968806 1.000000 
0.192850 0.981228 1.000000 
0.595658 0.803238 1.000000 
0.882514 0.470286 1.000000 
0.998875 0.047424 1.000000 
0.923455 -0.383707 1.000000 
0.671489 -0.741015 1.000000 
0.292048 -0.956404 1.000000 
-0.142518 -0.989792 1.000000 
-0.549239 -0.835665 1.000000 
-0.851573 -0.524236 1.000000 
-0.993370 -0.114961 1.000000 
-0.948949 0.315430 1.000000 
-0.727510 0.686098 1.000000 
-0.370884 0.928679 1.000000 
0.053815 0.998551 1.000000 
0.467728 0.883872 1.000000 
0.794797 0.606875 1.000000 
0.975756 0.218860 1.000000 
0.978050 -0.208370 1.000000 
0.802105 -0.597183 1.000000 
0.481271 -0.876572 1.000000 
0.073361 -0.997305 1.000000 
-0.346539 -0.938035 1.000000 
-0.703783 -0.710415 1.000000 
-0.934416 -0.356184 1.000000 
-0.998152 0.060765 1.000000 
-0.884531 0.466481 1.000000 
-0.614621 0.788823 1.000000 
-0.236970 0.971517 1.000000 
0.181918 0.983314 1.000000 
0.568100 0.822960 1.000000 
0.854702 0.519118 1.000000 
0.992077 0.125628 1.000000 
0.957518 -0.288374 1.000000 
0.757719 -0.652581 1.000000 
0.427997 -0.903780 1.000000 
0.026108 -0.999659 1.000000 
-0.380210 -0.924900 1.000000 
-0.720684 -0.693264 1.000000 
-0.938935 -0.344094 1.000000 
-0.998073 0.062050 1.000000 
-0.889507 0.456921 1.000000 
-0.631786 0.775143 1.000000 
-0.269443 0.963016 1.000000 
0.137313 0.990528 1.000000 
0.520459 0.853887 1.000000 
0.816951 0.576707 1.000000 
0.978764 0.204988 1.000000 
0.979895 -0.199516 1.000000 
0.821216 -0.570617 1.000000 
0.529171 -0.848515 1.000000 
0.152039 -0.988374 1.000000 
-0.248797 -0.968556 1.000000 
-0.608829 -0.793302 1.000000 
-0.871009 -0.491267 1.000000 
-0.993807 -0.111123 1.000000 
-0.958396 0.285444 1.000000 
-0.771364 0.636394 1.000000 
-0.463163 0.886273 1.000000 
-0.082522 0.996589 1.000000 
0.310201 0.950671 1.000000 
0.653729 0.756728 1.000000 
0.895308 0.445447 1.000000 
0.997824 0.065928 1.000000 
0.946431 -0.322906 1.000000 
0.750057 -0.661373 1.000000 
0.439260 -0.898360 1.000000 
0.061838 -0.998086 1.000000 
-0.323711 -0.946156 1.000000 
-0.659910 -0.751345 1.000000 
-0.896065 -0.443923 1.000000 
-0.997528 -0.070264 1.000000 
-0.949736 0.313051 1.000000 
-0.760829 0.648952 1.000000 
-0.459748 0.888050 1.000000 
-0.091182 0.995834 1.000000 
0.290373 0.956914 1.000000 
0.628149 0.778093 1.000000 
0.873940 0.486034 1.000000 
0.992273 0.124071 1.000000 
0.966829 -0.255425 1.000000 
0.802071 -0.597229 1.000000 
0.522622 -0.852564 1.000000 
0.169198 -0.985582 1.000000 
-0.207887 -0.978153 1.000000 
-0.554633 -0.832095 1.000000 
-0.822591 -0.568634 1.000000 
-0.974079 -0.226208 1.000000 
-0.989068 0.147461 1.000000 
-0.865971 0.500094 1.000000 
-0.622792 0.782388 1.000000 
-0.294035 0.955795 1.000000 
0.074867 0.997194 1.000000 
0.432217 0.901770 1.000000 
0.730417 0.683001 1.000000 
0.928200 0.372082 1.000000 
0.999938 0.011115 1.000000 
0.936566 -0.350492 1.000000 
0.747580 -0.664172 1.000000 
0.458760 -0.888560 1.000000 
0.109491 -0.993988 1.000000 
-0.253459 -0.967346 1.000000 
-0.582453 -0.812865 1.000000 
-0.833994 -0.551773 1.000000 
-0.975810 -0.218621 1.000000 
-0.989827 0.142279 1.000000 
-0.875172 0.483811 1.000000 
-0.647634 0.761952 1.000000 
-0.336911 0.941537 1.000000 
0.016282 0.999867 1.000000 
0.366530 0.930406 1.000000 
0.669692 0.742639 1.000000 
0.887267 0.461255 1.000000 
0.992477 0.122432 1.000000 
0.972873 -0.231339 1.000000 
0.831650 -0.555300 1.000000 
0.587307 -0.809364 1.000000 
0.270448 -0.962735 1.000000 
-0.079006 -0.996874 1.000000 
-0.417880 -0.908502 1.000000 
-0.705165 -0.709043 1.000000 
-0.905806 -0.423693 1.000000 
-0.996146 -0.087707 1.000000 
-0.966029 0.258435 1.000000 
-0.819820 0.572622 1.000000 
-0.575549 0.817767 1.000000 
-0.263669 0.964613 1.000000 
0.079068 0.996869 1.000000 
0.411593 0.911368 1.000000 
0.695256 0.718762 1.000000 
0.896775 0.442487 1.000000 
0.993321 0.115385 1.000000 
0.974434 -0.224673 1.000000 
0.843014 -0.537892 1.000000 
0.615057 -0.788483 1.000000 
0.317392 -0.948294 1.000000 
-0.016024 -0.999872 1.000000 
-0.347170 -0.937802 1.000000 
-0.637853 -0.770158 1.000000 
-0.856467 -0.516201 1.000000 
-0.978723 -0.205186 1.000000 
-0.991739 0.128271 1.000000 
-0.894725 0.446617 1.000000 
-0.699275 0.714852 1.000000 
-0.427231 0.904142 1.000000 
-0.109622 0.993973 1.000000 
0.219900 0.975522 1.000000 
0.524304 0.851531 1.000000 
0.771761 0.635913 1.000000 
0.935911 0.352237 1.000000 
0.999485 0.032094 1.000000 
0.956719 -0.291013 1.000000 
0.812863 -0.582455 1.000000 
0.583891 -0.811832 1.000000 
0.294042 -0.955793 1.000000 
-0.025681 -0.999670 1.000000 
-0.342282 -0.939597 1.000000 
-0.622616 -0.782528 1.000000 
-0.838156 -0.545430 1.000000 
-0.967520 -0.252793 1.000000 
-0.997927 0.064356 1.000000 
-0.927047 0.374944 1.000000 
-0.762969 0.646435 1.000000 
-0.522521 0.852627 1.000000 
-0.230546 0.973061 1.000000 
0.083506 0.996507 1.000000 
0.388837 0.921307 1.000000 
0.655358 0.755318 1.000000 
0.856565 0.516040 1.000000 
0.973944 0.226789 1.000000 
0.996496 -0.083641 1.000000 
0.922868 -0.385116 1.000000 
0.760670 -0.649138 1.000000 
0.526221 -0.850348 1.000000 
0.242007 -0.970275 1.000000 
-0.063870 -0.997958 1.000000 
-0.363279 -0.931681 1.000000 
-0.628154 -0.778089 1.000000 
-0.833630 -0.552323 1.000000 
-0.961042 -0.276402 1.000000 
-0.999687 0.025019 1.000000 
-0.946456 0.322834 1.000000 
-0.806616 0.591075 1.000000 
-0.594067 0.804416 1.000000 
-0.328092 0.944646 1.000000 
-0.033377 0.999443 1.000000 
0.263446 0.964674 1.000000 
0.536337 0.844004 1.000000 
0.760879 0.648894 1.000000 
0.917904 0.396803 1.000000 
0.993812 0.111073 1.000000 
0.982946 -0.183896 1.000000 
0.886661 -0.462421 1.000000 
0.714331 -0.699808 1.000000 
0.480952 -0.876747 1.000000 
0.207223 -0.978294 1.000000 
-0.083694 -0.996492 1.000000 
-0.366641 -0.930363 1.000000 
-0.618257 -0.785976 1.000000 
-0.817053 -0.576563 1.000000 
-0.947575 -0.319532 1.000000 
-0.999320 -0.036871 1.000000 
-0.968664 0.248374 1.000000 
-0.858757 0.512383 1.000000 
-0.679298 0.733862 1.000000 
-0.445067 0.895497 1.000000 
-0.175700 0.984444 1.000000 
0.106888 0.994271 1.000000 
0.380489 0.924786 1.000000 
0.623048 0.782183 1.000000 
0.815747 0.578409 1.000000 
0.943977 0.330011 1.000000 
0.998414 0.056300 1.000000 
0.975199 -0.221330 1.000000 
0.876951 -0.480581 1.000000 
0.711632 -0.702553 1.000000 
0.492216 -0.870473 1.000000 
0.236555 -0.971618 1.000000 
-0.036510 -0.999333 1.000000 
-0.305947 -0.952049 1.000000 
-0.552091 -0.833784 1.000000 
-0.756168 -0.654378 1.000000 
-0.904401 -0.426683 1.000000 
-0.985643 -0.168843 1.000000 
-0.994900 0.100863 1.000000 
-0.932037 0.362362 1.000000 
-0.802041 0.597268 1.000000 
-0.614963 0.788556 1.000000 
-0.384712 0.923037 1.000000 
-0.127582 0.991828 1.000000 
0.137231 0.990539 1.000000 
0.391982 0.919973 1.000000 
0.618967 0.785417 1.000000 
0.802304 0.596915 1.000000 
0.929826 0.367998 1.000000 
0.993397 0.114730 1.000000 
0.989301 -0.145889 1.000000 
0.918182 -0.396159 1.000000 
0.785757 -0.618535 1.000000 
0.601077 -0.799191 1.000000 
0.377134 -0.926159 1.000000 
0.129114 -0.991630 1.000000 
-0.126928 -0.991912 1.000000 
-0.374207 -0.927345 1.000000 
-0.595945 -0.803025 1.000000 
-0.778592 -0.627530 1.000000 
-0.911274 -0.411801 1.000000 
-0.985270 -0.171009 1.000000 
-0.996782 0.080160 1.000000 
-0.945580 0.325389 1.000000 
-0.835298 0.549798 1.000000 
-0.673804 0.738910 1.000000 
-0.471060 0.882101 1.000000 
-0.239758 0.970833 1.000000 
0.004889 0.999988 1.000000 
0.249210 0.968449 1.000000 
0.477204 0.878793 1.000000 
0.676205 0.736714 1.000000 
0.834022 0.551732 1.000000 
0.942517 0.334157 1.000000 
0.995211 0.097750 1.000000 
0.989654 -0.143478 1.000000 
0.926824 -0.375497 1.000000 
0.810721 -0.585433 1.000000 
0.648662 -0.761076 1.000000 
0.450380 -0.892837 1.000000 
0.227037 -0.973886 1.000000 
-0.008199 -0.999966 1.000000 
-0.242081 -0.970256 1.000000 
-0.462083 -0.886836 1.000000 
-0.655808 -0.754927 1.000000 
-0.812973 -0.582302 1.000000 
-0.925650 -0.378382 1.000000 
-0.987940 -0.154836 1.000000 
-0.997098 0.076128 1.000000 
-0.953127 0.302569 1.000000 
-0.858915 0.512119 1.000000 
-0.720004 0.693970 1.000000 
-0.543789 0.839222 1.000000 
-0.340085 0.940395 1.000000 
-0.119704 0.992810 1.000000 
0.106345 0.994329 1.000000 
0.325664 0.945485 1.000000 
0.528517 0.848923 1.000000 
0.703720 0.710477 1.000000 
0.843817 0.536630 1.000000 
0.941389 0.337322 1.000000 
0.992545 0.121877 1.000000 
0.995168 -0.098182 1.000000 
0.949743 -0.313032 1.000000 
0.858760 -0.512377 1.000000 
0.727178 -0.686449 1.000000 
0.561735 -0.827317 1.000000 
0.370214 -0.928947 1.000000 
0.162199 -0.986758 1.000000 
-0.052453 -0.998623 1.000000 
-0.264221 -0.964462 1.000000 
-0.463014 -0.886351 1.000000 
-0.639974 -0.768396 1.000000 
-0.787421 -0.616416 1.000000 
-0.899352 -0.437225 1.000000 
-0.970918 -0.239414 1.000000 
-0.999504 -0.031485 1.000000 
-0.984225 0.176922 1.000000 
-0.926316 0.376748 1.000000 
-0.828829 0.559502 1.000000 
-0.696126 0.717920 1.000000 
-0.534475 0.845184 1.000000 
-0.350647 0.936508 1.000000 
-0.152958 0.988233 1.000000 
0.050195 0.998739 1.000000 
0.250377 0.968148 1.000000 
0.439864 0.898065 1.000000 
0.610665 0.791889 1.000000 
0.756456 0.654045 1.000000 
0.871123 0.491066 1.000000 
0.951187 0.308615 1.000000 
0.993334 0.115273 1.000000 
0.996624 -0.082107 1.000000 
0.961330 -0.275400 1.000000 
0.889140 -0.457636 1.000000 
0.783639 -0.621216 1.000000 
0.648811 -0.760950 1.000000 
0.489935 -0.871759 1.000000 
0.313554 -0.949570 1.000000 
0.126436 -0.991975 1.000000 
-0.064415 -0.997923 1.000000 
-0.252456 -0.967608 1.000000 
-0.430506 -0.902588 1.000000 
-0.592343 -0.805686 1.000000 
-0.732780 -0.680466 1.000000 
-0.846784 -0.531938 1.000000 
-0.930927 -0.365205 1.000000 
-0.982345 -0.187080 1.000000 
-0.999995 -0.003002 1.000000 
-0.983536 0.180710 1.000000 
-0.934107 0.356994 1.000000 
-0.853614 0.520906 1.000000 
-0.744976 0.667092 1.000000 
-0.612355 0.790583 1.000000 
-0.460445 0.887688 1.000000 
-0.294450 0.955667 1.000000 
-0.119455 0.992840 1.000000 
0.058442 0.998291 1.000000 
0.233589 0.972335 1.000000 
0.400977 0.916088 1.000000 
0.554721 0.832036 1.000000 
0.691413 0.722460 1.000000 
0.806338 0.591455 1.000000 
0.896366 0.443315 1.000000 
0.959197 0.282739 1.000000 
0.993454 0.114231 1.000000 
0.998415 -0.056287 1.000000 
0.974327 -0.225138 1.000000 
0.922253 -0.386588 1.000000 
0.844134 -0.536133 1.000000 
0.742604 -0.669731 1.000000 
0.620539 -0.784176 1.000000 
0.481910 -0.876221 1.000000 
0.330808 -0.943698 1.000000 
0.171557 -0.985174 1.000000 
0.008136 -0.999967 1.000000 
-0.155032 -0.987909 1.000000 
-0.312749 -0.949836 1.000000 
-0.461810 -0.886979 1.000000 
-0.598046 -0.801462 1.000000 
-0.718477 -0.695551 1.000000 
-0.819899 -0.572507 1.000000 
-0.900073 -0.435739 1.000000 
-0.957487 -0.288475 1.000000 
-0.990796 -0.135362 1.000000 
-0.999779 0.021045 1.000000 
-0.984464 0.175586 1.000000 
-0.945562 0.325442 1.000000 
-0.884426 0.466680 1.000000 
-0.802626 0.596482 1.000000 
-0.702590 0.711595 1.000000 
-0.586961 0.809615 1.000000 
-0.458269 0.888814 1.000000 
-0.320410 0.947279 1.000000 
-0.175397 0.984498 1.000000 
-0.027822 0.999613 1.000000 
0.119892 0.992787 1.000000 
0.264094 0.964497 1.000000 
0.402156 0.915571 1.000000 
0.530429 0.847729 1.000000 
0.647510 0.762057 1.000000 
0.750057 0.661373 1.000000 
0.836852 0.547429 1.000000 
0.906087 0.423090 1.000000 
0.956703 0.291066 1.000000 
0.988118 0.153694 1.000000 
0.999899 0.014194 1.000000 
0.992143 -0.125112 1.000000 
0.965431 -0.260660 1.000000 
0.920304 -0.391205 1.000000 
0.858323 -0.513111 1.000000 
0.780587 -0.625048 1.000000 
0.689023 -0.724740 1.000000 
0.585221 -0.810874 1.000000 
0.471979 -0.881610 1.000000 
0.350771 -0.936461 1.000000 
0.223819 -0.974631 1.000000 
0.093852 -0.995586 1.000000 
-0.036372 -0.999338 1.000000 
-0.165948 -0.986134 1.000000 
-0.291826 -0.956471 1.000000 
-0.411982 -0.911192 1.000000 
-0.524560 -0.851374 1.000000 
-0.628241 -0.778019 1.000000 
-0.721149 -0.692780 1.000000 
-0.802041 -0.597268 1.000000 
-0.870134 -0.492815 1.000000 
-0.924347 -0.381554 1.000000 
-0.964274 -0.264908 1.000000 
-0.989345 -0.145591 1.000000 
-0.999698 -0.024586 1.000000 
-0.995352 0.096307 1.000000 
-0.976734 0.214452 1.000000 
-0.944302 0.329080 1.000000 
-0.898678 0.438609 1.000000 
-0.841144 0.540811 1.000000 
-0.772059 0.635550 1.000000 
-0.693669 0.720293 1.000000 
-0.606060 0.795419 1.000000 
-0.511171 0.859479 1.000000 
-0.410425 0.911894 1.000000 
-0.304840 0.952404 1.000000 
-0.196262 0.980552 1.000000 
-0.085689 0.996322 1.000000 
0.024583 0.999698 1.000000 
0.134083 0.990970 1.000000 
0.241069 0.970508 1.000000 
0.344747 0.938696 1.000000 
0.443543 0.896253 1.000000 
0.536432 0.843944 1.000000 
0.622851 0.782340 1.000000 
0.701598 0.712573 1.000000 
0.771992 0.635632 1.000000 
0.833727 0.552177 1.000000 
0.886050 0.463589 1.000000 
0.928652 0.370952 1.000000 
0.961468 0.274916 1.000000 
0.984139 0.177398 1.000000 
0.996908 0.078576 1.000000 
0.999789 -0.020548 1.000000 
0.992948 -0.118554 1.000000 
0.976721 -0.214514 1.000000 
0.951390 -0.307988 1.000000 
0.917504 -0.397726 1.000000 
0.875838 -0.482606 1.000000 
0.826358 -0.563145 1.000000 
0.770084 -0.637942 1.000000 
0.707401 -0.706813 1.000000 
0.639636 -0.768678 1.000000 
0.566879 -0.823801 1.000000 
0.490203 -0.871608 1.000000 
0.410368 -0.911920 1.000000 
0.327701 -0.944782 1.000000 
0.243336 -0.969942 1.000000 
0.157556 -0.987510 1.000000 
0.071489 -0.997441 1.000000 
-0.014190 -0.999899 1.000000 
-0.098847 -0.995103 1.000000 
-0.182324 -0.983238 1.000000 
-0.263615 -0.964628 1.000000 
-0.342624 -0.939473 1.000000 
-0.418439 -0.908245 1.000000 
-0.490636 -0.871365 1.000000 
-0.558843 -0.829273 1.000000 
-0.623087 -0.782152 1.000000 
-0.682702 -0.730697 1.000000 
-0.737459 -0.675392 1.000000 
-0.787456 -0.616371 1.000000 
-0.832477 -0.554060 1.000000 
-0.871908 -0.489670 1.000000 
-0.906167 -0.422920 1.000000 
-0.934998 -0.354652 1.000000 
-0.958431 -0.285323 1.000000 
-0.976629 -0.214931 1.000000 
-0.989532 -0.144317 1.000000 
-0.997267 -0.073880 1.000000 
-0.999994 -0.003549 1.000000 
-0.997828 0.065879 1.000000 
-0.990911 0.134515 1.000000 
-0.979556 0.201170 1.000000 
-0.963850 0.266446 1.000000 
-0.943956 0.330070 1.000000 
-0.920230 0.391378 1.000000 
-0.893144 0.449772 1.000000 
-0.862372 0.506275 1.000000 
-0.828798 0.559548 1.000000 
-0.791956 0.610579 1.000000 
-0.752879 0.658159 1.000000 
-0.711597 0.702588 1.000000 
-0.668053 0.744114 1.000000 
-0.622463 0.782649 1.000000 
-0.575411 0.817865 1.000000 
-0.527156 0.849769 1.000000 
-0.477948 0.878388 1.000000 
-0.428027 0.903766 1.000000 
-0.377205 0.926130 1.000000 
-0.325670 0.945483 1.000000 
-0.274038 0.961719 1.000000 
-0.222502 0.974932 1.000000 
-0.171687 0.985152 1.000000 
-0.120440 0.992721 1.000000 
-0.069792 0.997562 1.000000 
-0.019440 0.999811 1.000000 
0.029592 0.999562 1.000000 
0.078078 0.996947 1.000000 
0.125464 0.992098 1.000000 
0.172095 0.985080 1.000000 
0.217442 0.976073 1.000000 
0.261433 0.965222 1.000000 
0.304433 0.952534 1.000000 
0.345955 0.938251 1.000000 
0.385959 0.922516 1.000000 
0.424413 0.905469 1.000000 
0.461693 0.887040 1.000000 
0.497374 0.867536 1.000000 
0.531829 0.846852 1.000000 
0.564662 0.825322 1.000000 
0.595884 0.803070 1.000000 
0.625859 0.779937 1.000000 
0.654238 0.756289 1.000000 
0.681048 0.732239 1.000000 
0.706321 0.707892 1.000000 
0.730399 0.683021 1.000000 
0.753288 0.657691 1.000000 
0.774433 0.632656 1.000000 
0.794457 0.607320 1.000000 
0.813115 0.582103 1.000000 
0.830708 0.556708 1.000000 
0.847017 0.531565 1.000000 
0.861872 0.507126 1.000000 
0.876007 0.482298 1.000000 
0.889005 0.457898 1.000000 
0.900923 0.433980 1.000000 
0.912001 0.410187 1.000000 
0.921922 0.387375 1.000000 
0.931099 0.364767 1.000000 
0.939558 0.342391 1.000000 
0.947183 0.320693 1.000000 
0.954031 0.299706 1.000000 
0.960282 0.279032 1.000000 
0.965730 0.259551 1.000000 
0.970667 0.240426 1.000000 
0.975121 0.221673 1.000000 
0.979025 0.203741 1.000000 
0.982343 0.187087 1.000000 
0.985373 0.170409 1.000000 
0.987978 0.154594 1.000000 
0.990200 0.139654 1.000000 
0.992081 0.125598 1.000000 
0.993709 0.111991 1.000000 
0.995059 0.099282 1.000000 
0.996167 0.087476 1.000000 
0.997098 0.076134 1.000000 
0.997839 0.065703 1.000000 
0.998445 0.055742 1.000000 
0.998909 0.046697 1.000000 
0.999256 0.038571 1.000000 
0.999508 0.031366 1.000000 
0.999685 0.025082 1.000000 
0.999814 0.019274 1.000000 
0.999903 0.013942 1.000000 
0.999955 0.009533 1.000000 
0.999982 0.006048 1.000000 
0.999994 0.003486 1.000000 
0.999999 0.001400 1.000000 
1.000000 0.000685 1.000000 
1.000000 0.000000 1.000000 
1.000000 0.000685 1.000000 
0.999999 0.001400 1.000000 
0.999994 0.003486 1.000000 
0.999982 0.006048 1.000000 
0.999955 0.009533 1.000000 
0.999903 0.013942 1.000000 
0.999814 0.019274 1.000000 
0.999685 0.025082 1.000000 
0.999508 0.031366 1.000000 
0.999256 0.038571 1.000000 
0.998909 0.046697 1.000000 
0.998445 0.055742 1.000000 
0.997839 0.065703 1.000000 
0.997098 0.076134 1.000000 
0.996167 0.087476 1.000000 
0.995059 0.099282 1.000000 
0.993709 0.111991 1.000000 
0.992081 0.125598 1.000000 
0.990200 0.139654 1.000000 
0.987978 0.154594 1.000000 
0.985373 0.170409 1.000000 
0.982343 0.187087 1.000000 
0.979025 0.203741 1.000000 
0.975121 0.221673 1.000000 
0.970667 0.240426 1.000000 
0.965730 0.259551 1.000000 
0.960282 0.279032 1.000000 
0.954031 0.299706 1.000000 
0.947183 0.320693 1.000000 
0.939558 0.342391 1.000000 
0.931099 0.364767 1.000000 
0.921922 0.387375 1.000000 
0.912001 0.410187 1.000000 
0.900923 0.433980 1.000000 
0.889005 0.457898 1.000000 
0.876007 0.482298 1.000000 
0.861872 0.507126 1.000000 
0.847017 0.531565 1.000000 
0.830708 0.556708 1.000000 
0.813115 0.582103 1.000000 
0.794457 0.607320 1.000000 
0.774433 0.632656 1.000000 
0.753288 0.657691 1.000000 
0.730399 0.683021 1.000000 
0.706321 0.707892 1.000000 
0.681048 0.732239 1.000000 
0.654238 0.756289 1.000000 
0.625859 0.779937 1.000000 
0.595884 0.803070 1.000000 
0.564662 0.825322 1.000000 
0.531829 0.846852 1.000000 
0.497374 0.867536 1.000000 
0.461693 0.887040 1.000000 
0.424413 0.905469 1.000000 
0.385959 0.922516 1.000000 
0.345955 0.938251 1.000000 
0.304433 0.952534 1.000000 
0.261433 0.965222 1.000000 
0.217442 0.976073 1.000000 
0.172095 0.985080 1.000000 
0.125464 0.992098 1.000000 
0.078078 0.996947 1.000000 
0.029592 0.999562 1.000000 
-0.019440 0.999811 1.000000 
-0.069792 0.997562 1.000000 
-0.120440 0.992721 1.000000 
-0.171687 0.985152 1.000000 
-0.222502 0.974932 1.000000 
-0.274038 0.961719 1.000000 
-0.325670 0.945483 1.000000 
-0.377205 0.926130 1.000000 
-0.428027 0.903766 1.000000 
-0.477948 0.878388 1.000000 
-0.527156 0.849769 1.000000 
-0.575411 0.817865 1.000000 
-0.622463 0.782649 1.000000 
-0.668053 0.744114 1.000000 
-0.711597 0.702588 1.000000 
-0.752879 0.658159 1.000000 
-0.791956 0.610579 1.000000 
-0.828798 0.559548 1.000000 
-0.862372 0.506275 1.000000 
-0.893144 0.449772 1.000000 
-0.920230 0.391378 1.000000 
-0.943956 0.330070 1.000000 
-0.963850 0.266446 1.000000 
-0.979556 0.201170 1.000000 
-0.990911 0.134515 1.000000 
-0.997828 0.065879 1.000000 
-0.999994 -0.003549 1.000000 
-0.997267 -0.073880 1.000000 
-0.989532 -0.144317 1.000000 
-0.976629 -0.214931 1.000000 
-0.958431 -0.285323 1.000000 
-0.934998 -0.354652 1.000000 
-0.906167 -0.422920 1.000000 
-0.871908 -0.489670 1.000000 
-0.832477 -0.554060 1.000000 
-0.787456 -0.616371 1.000000 
-0.737459 -0.675392 1.000000 
-0.682702 -0.730697 1.000000 
-0.623087 -0.782152 1.000000 
-0.558843 -0.829273 1.000000 
-0.490636 -0.871365 1.000000 
-0.418439 -0.908245 1.000000 
-0.342624 -0.939473 1.000000 
-0.263615 -0.964628 1.000000 
-0.182324 -0.983238 1.000000 
-0.098847 -0.995103 1.000000 
-0.014190 -0.999899 1.000000 
0.071489 -0.997441 1.000000 
0.157556 -0.987510 1.000000 
0.243336 -0.969942 1.000000 
0.327701 -0.944782 1.000000 
0.410368 -0.911920 1.000000 
0.490203 -0.871608 1.000000 
0.566879 -0.823801 1.000000 
0.639636 -0.768678 1.000000 
0.707401 -0.706813 1.000000 
0.770084 -0.637942 1.000000 
0.826358 -0.563145 1.000000 
0.875838 -0.482606 1.000000 
0.917504 -0.397726 1.000000 
0.951390 -0.307988 1.000000 
0.976721 -0.214514 1.000000 
0.992948 -0.118554 1.000000 
0.999789 -0.020548 1.000000 
0.996908 0.078576 1.000000 
0.984139 0.177398 1.000000 
0.961468 0.274916 1.000000 
0.928652 0.370952 1.000000 
0.886050 0.463589 1.000000 
0.833727 0.552177 1.000000 
0.771992 0.635632 1.000000 
0.701598 0.712573 1.000000 
0.622851 0.782340 1.000000 
0.536432 0.843944 1.000000 
0.443543 0.896253 1.000000 
0.344747 0.938696 1.000000 
0.241069 0.970508 1.000000 
0.134083 0.990970 1.000000 
0.024583 0.999698 1.000000 
-0.085689 0.996322 1.000000 
-0.196262 0.980552 1.000000 
-0.304840 0.952404 1.000000 
-0.410425 0.911894 1.000000 
-0.511171 0.859479 1.000000 
-0.606060 0.795419 1.000000 
-0.693669 0.720293 1.000000 
-0.772059 0.635550 1.000000 
-0.841144 0.540811 1.000000 
-0.898678 0.438609 1.000000 
-0.944302 0.329080 1.000000 
-0.976734 0.214452 1.000000 
-0.995352 0.096307 1.000000 
-0.999698 -0.024586 1.000000 
-0.989345 -0.145591 1.000000 
-0.964274 -0.264908 1.000000 
-0.924347 -0.381554 1.000000 
-0.870134 -0.492815 1.000000 
-0.802041 -0.597268 1.000000 
-0.721149 -0.692780 1.000000 
-0.628241 -0.778019 1.000000 
-0.524560 -0.851374 1.000000 
-0.411982 -0.911192 1.000000 
-0.291826 -0.956471 1.000000 
-0.165948 -0.986134 1.000000 
-0.036372 -0.999338 1.000000 
0.093852 -0.995586 1.000000 
0.223819 -0.974631 1.000000 
0.350771 -0.936461 1.000000 
0.471979 -0.881610 1.000000 
0.585221 -0.810874 1.000000 
0.689023 -0.724740 1.000000 
0.780587 -0.625048 1.000000 
0.858323 -0.513111 1.000000 
0.920304 -0.391205 1.000000 
0.965431 -0.260660 1.000000 
0.992143 -0.125112 1.000000 
0.999899 0.014194 1.000000 
0.988118 0.153694 1.000000 
0.956703 0.291066 1.000000 
0.906087 0.423090 1.000000 
0.836852 0.547429 1.000000 
0.750057 0.661373 1.000000 
0.647510 0.762057 1.000000 
0.530429 0.847729 1.000000 
0.402156 0.915571 1.000000 
0.264094 0.964497 1.000000 
0.119892 0.992787 1.000000 
-0.027822 0.999613 1.000000 
-0.175397 0.984498 1.000000 
-0.320410 0.947279 1.000000 
-0.458269 0.888814 1.000000 
-0.586961 0.809615 1.000000 
-0.702590 0.711595 1.000000 
-0.802626 0.596482 1.000000 
-0.884426 0.466680 1.000000 
-0.945562 0.325442 1.000000 
-0.984464 0.175586 1.000000 
-0.999779 0.021045 1.000000 
-0.990796 -0.135362 1.000000 
-0.957487 -0.288475 1.000000 
-0.900073 -0.435739 1.000000 
-0.819899 -0.572507 1.000000 
-0.718477 -0.695551 1.000000 
-0.598046 -0.801462 1.000000 
-0.461810 -0.886979 1.000000 
-0.312749 -0.949836 1.000000 
-0.155032 -0.987909 1.000000 
0.008136 -0.999967 1.000000 
0.171557 -0.985174 1.000000 
0.330808 -0.943698 1.000000 
0.481910 -0.876221 1.000000 
0.620539 -0.784176 1.000000 
0.742604 -0.669731 1.000000 
0.844134 -0.536133 1.000000 
0.922253 -0.386588 1.000000 
0.974327 -0.225138 1.000000 
0.998415 -0.056287 1.000000 
0.993454 0.114231 1.000000 
0.959197 0.282739 1.000000 
0.896366 0.443315 1.000000 
0.806338 0.591455 1.000000 
0.691413 0.722460 1.000000 
0.554721 0.832036 1.000000 
0.400977 0.916088 1.000000 
0.233589 0.972335 1.000000 
0.058442 0.998291 1.000000 
-0.119455 0.992840 1.000000 
-0.294450 0.955667 1.000000 
-0.460445 0.887688 1.000000 
-0.612355 0.790583 1.000000 
-0.744976 0.667092 1.000000 
-0.853614 0.520906 1.000000 
-0.934107 0.356994 1.000000 
-0.983536 0.180710 1.000000 
-0.999995 -0.003002 1.000000 
-0.982345 -0.187080 1.000000 
-0.930927 -0.365205 1.000000 
-0.846784 -0.531938 1.000000 
-0.732780 -0.680466 1.000000 
-0.592343 -0.805686 1.000000 
-0.430506 -0.902588 1.000000 
-0.252456 -0.967608 1.000000 
-0.064415 -0.997923 1.000000 
0.126436 -0.991975 1.000000 
0.313554 -0.949570 1.000000 
0.489935 -0.871759 1.000000 
0.648811 -0.760950 1.000000 
0.783639 -0.621216 1.000000 
0.889140 -0.457636 1.000000 
0.961330 -0.275400 1.000000 
0.996624 -0.082107 1.000000 
0.993334 0.115273 1.000000 
0.951187 0.308615 1.000000 
0.871123 0.491066 1.000000 
0.756456 0.654045 1.000000 
0.610665 0.791889 1.000000 
0.439864 0.898065 1.000000 
0.250377 0.968148 1.000000 
0.050195 0.998739 1.000000 
-0.152958 0.988233 1.000000 
-0.350647 0.936508 1.000000 
-0.534475 0.845184 1.000000 
-0.696126 0.717920 1.000000 
-0.828829 0.559502 1.000000 
-0.926316 0.376748 1.000000 
-0.984225 0.176922 1.000000 
-0.999504 -0.031485 1.000000 
-0.970918 -0.239414 1.000000 
-0.899352 -0.437225 1.000000 
-0.787421 -0.616416 1.000000 
-0.639974 -0.768396 1.000000 
-0.463014 -0.886351 1.000000 
-0.264221 -0.964462 1.000000 
-0.052453 -0.998623 1.000000 
0.162199 -0.986758 1.000000 
0.370214 -0.928947 1.000000 
0.561735 -0.827317 1.000000 
0.727178 -0.686449 1.000000 
0.858760 -0.512377 1.000000 
0.949743 -0.313032 1.000000 
0.995168 -0.098182 1.000000 
0.992545 0.121877 1.000000 
0.941389 0.337322 1.000000 
0.843817 0.536630 1.000000 
0.703720 0.710477 1.000000 
0.528517 0.848923 1.000000 
0.325664 0.945485 1.000000 
0.106345 0.994329 1.000000 
-0.119704 0.992810 1.000000 
-0.340085 0.940395 1.000000 
-0.543789 0.839222 1.000000 
-0.720004 0.693970 1.000000 
-0.858915 0.512119 1.000000 
-0.953127 0.302569 1.000000 
-0.997098 0.076128 1.000000 
-0.987940 -0.154836 1.000000 
-0.925650 -0.378382 1.000000 
-0.812973 -0.582302 1.000000 
-0.655808 -0.754927 1.000000 
-0.462083 -0.886836 1.000000 
-0.242081 -0.970256 1.000000 
-0.008199 -0.999966 1.000000 
0.227037 -0.973886 1.000000 
0.450380 -0.892837 1.000000 
0.648662 -0.761076 1.000000 
0.810721 -0.585433 1.000000 
0.926824 -0.375497 1.000000 
0.989654 -0.143478 1.000000 
0.995211 0.097750 1.000000 
0.942517 0.334157 1.000000 
0.834022 0.551732 1.000000 
0.676205 0.736714 1.000000 
0.477204 0.878793 1.000000 
0.249210 0.968449 1.000000 
0.004889 0.999988 1.000000 
-0.239758 0.970833 1.000000 
-0.471060 0.882101 1.000000 
-0.673804 0.738910 1.000000 
-0.835298 0.549798 1.000000 
-0.945580 0.325389 1.000000 
-0.996782 0.080160 1.000000 
-0.985270 -0.171009 1.000000 
-0.911274 -0.411801 1.000000 
-0.778592 -0.627530 1.000000 
-0.595945 -0.803025 1.000000 
-0.374207 -0.927345 1.000000 
-0.126928 -0.991912 1.000000 
0.129114 -0.991630 1.000000 
0.377134 -0.926159 1.000000 
0.601077 -0.799191 1.000000 
0.785757 -0.618535 1.000000 
0.918182 -0.396159 1.000000 
0.989301 -0.145889 1.000000 
0.993397 0.114730 1.000000 
0.929826 0.367998 1.000000 
0.802304 0.596915 1.000000 
0.618967 0.785417 1.000000 
0.391982 0.919973 1.000000 
0.137231 0.990539 1.000000 
-0.127582 0.991828 1.000000 
-0.384712 0.923037 1.000000 
-0.614963 0.788556 1.000000 
-0.802041 0.597268 1.000000 
-0.932037 0.362362 1.000000 
-0.994900 0.100863 1.000000 
-0.985643 -0.168843 1.000000 
-0.904401 -0.426683 1.000000 
-0.756168 -0.654378 1.000000 
-0.552091 -0.833784 1.000000 
-0.305947 -0.952049 1.000000 
-0.036510 -0.999333 1.000000 
0.236555 -0.971618 1.000000 
0.492216 -0.870473 1.000000 
0.711632 -0.702553 1.000000 
0.876951 -0.480581 1.000000 
0.975199 -0.221330 1.000000 
0.998414 0.056300 1.000000 
0.943977 0.330011 1.000000 
0.815747 0.578409 1.000000 
0.623048 0.782183 1.000000 
0.380489 0.924786 1.000000 
0.106888 0.994271 1.000000 
-0.175700 0.984444 1.000000 
-0.445067 0.895497 1.000000 
-0.679298 0.733862 1.000000 
-0.858757 0.512383 1.000000 
-0.968664 0.248374 1.000000 
-0.999320 -0.036871 1.000000 
-0.947575 -0.319532 1.000000 
-0.817053 -0.576563 1.000000 
-0.618257 -0.785976 1.000000 
-0.366641 -0.930363 1.000000 
-0.083694 -0.996492 1.000000 
0.207223 -0.978294 1.000000 
0.480952 -0.876747 1.000000 
0.714331 -0.699808 1.000000 
0.886661 -0.462421 1.000000 
0.982946 -0.183896 1.000000 
0.993812 0.111073 1.000000 
0.917904 0.396803 1.000000 
0.760879 0.648894 1.000000 
0.536337 0.844004 1.000000 
0.263446 0.964674 1.000000 
-0.033377 0.999443 1.000000 
-0.328092 0.944646 1.000000 
-0.594067 0.804416 1.000000 
-0.806616 0.591075 1.000000 
-0.946456 0.322834 1.000000 
-0.999687 0.025019 1.000000 
-0.961042 -0.276402 1.000000 
-0.833630 -0.552323 1.000000 
-0.628154 -0.778089 1.000000 
-0.363279 -0.931681 1.000000 
-0.063870 -0.997958 1.000000 
0.242007 -0.970275 1.000000 
0.526221 -0.850348 1.000000 
0.760670 -0.649138 1.000000 
0.922868 -0.385116 1.000000 
0.996496 -0.083641 1.000000 
0.973944 0.226789 1.000000 
0.856565 0.516040 1.000000 
0.655358 0.755318 1.000000 
0.388837 0.921307 1.000000 
0.083506 0.996507 1.000000 
-0.230546 0.973061 1.000000 
-0.522521 0.852627 1.000000 
-0.762969 0.646435 1.000000 
-0.927047 0.374944 1.000000 
-0.997927 0.064356 1.000000 
-0.967520 -0.252793 1.000000 
-0.838156 -0.545430 1.000000 
-0.622616 -0.782528 1.000000 
-0.342282 -0.939597 1.000000 
-0.025681 -0.999670 1.000000 
0.294042 -0.955793 1.000000 
0.583891 -0.811832 1.000000 
0.812863 -0.582455 1.000000 
0.956719 -0.291013 1.000000 
0.999485 0.032094 1.000000 
0.935911 0.352237 1.000000 
0.771761 0.635913 1.000000 
0.524304 0.851531 1.000000 
0.219900 0.975522 1.000000 
-0.109622 0.993973 1.000000 
-0.427231 0.904142 1.000000 
-0.699275 0.714852 1.000000 
-0.894725 0.446617 1.000000 
-0.991739 0.128271 1.000000 
-0.978723 -0.205186 1.000000 
-0.856467 -0.516201 1.000000 
-0.637853 -0.770158 1.000000 
-0.347170 -0.937802 1.000000 
-0.016024 -0.999872 1.000000 
0.317392 -0.948294 1.000000 
0.615057 -0.788483 1.000000 
0.843014 -0.537892 1.000000 
0.974434 -0.224673 1.000000 
0.993321 0.115385 1.000000 
0.896775 0.442487 1.000000 
0.695256 0.718762 1.000000 
0.411593 0.911368 1.000000 
0.079068 0.996869 1.000000 
-0.263669 0.964613 1.000000 
-0.575549 0.817767 1.000000 
-0.819820 0.572622 1.000000 
-0.966029 0.258435 1.000000 
-0.996146 -0.087707 1.000000 
-0.905806 -0.423693 1.000000 
-0.705165 -0.709043 1.000000 
-0.417880 -0.908502 1.000000 
-0.079006 -0.996874 1.000000 
0.270448 -0.962735 1.000000 
0.587307 -0.809364 1.000000 
0.831650 -0.555300 1.000000 
0.972873 -0.231339 1.000000 
0.992477 0.122432 1.000000 
0.887267 0.461255 1.000000 
0.669692 0.742639 1.000000 
0.366530 0.930406 1.000000 
0.016282 0.999867 1.000000 
-0.336911 0.941537 1.000000 
-0.647634 0.761952 1.000000 
-0.875172 0.483811 1.000000 
-0.989827 0.142279 1.000000 
-0.975810 -0.218621 1.000000 
-0.833994 -0.551773 1.000000 
-0.582453 -0.812865 1.000000 
-0.253459 -0.967346 1.000000 
0.109491 -0.993988 1.000000 
0.458760 -0.888560 1.000000 
0.747580 -0.664172 1.000000 
0.936566 -0.350492 1.000000 
0.999938 0.011115 1.000000 
0.928200 0.372082 1.000000 
0.730417 0.683001 1.000000 
0.432217 0.901770 1.000000 
0.074867 0.997194 1.000000 
-0.294035 0.955795 1.000000 
-0.622792 0.782388 1.000000 
-0.865971 0.500094 1.000000 
-0.989068 0.147461 1.000000 
-0.974079 -0.226208 1.000000 
-0.822591 -0.568634 1.000000 
-0.554633 -0.832095 1.000000 
-0.207887 -0.978153 1.000000 
0.169198 -0.985582 1.000000 
0.522622 -0.852564 1.000000 
0.802071 -0.597229 1.000000 
0.966829 -0.255425 1.000000 
0.992273 0.124071 1.000000 
0.873940 0.486034 1.000000 
0.628149 0.778093 1.000000 
0.290373 0.956914 1.000000 
-0.091182 0.995834 1.000000 
-0.459748 0.888050 1.000000 
-0.760829 0.648952 1.000000 
-0.949736 0.313051 1.000000 
-0.997528 -0.070264 1.000000 
-0.896065 -0.443923 1.000000 
-0.659910 -0.751345 1.000000 
-0.323711 -0.946156 1.000000 
0.061838 -0.998086 1.000000 
0.439260 -0.898360 1.000000 
0.750057 -0.661373 1.000000 
0.946431 -0.322906 1.000000 
0.997824 0.065928 1.000000 
0.895308 0.445447 1.000000 
0.653729 0.756728 1.000000 
0.310201 0.950671 1.000000 
-0.082522 0.996589 1.000000 
-0.463163 0.886273 1.000000 
-0.771364 0.636394 1.000000 
-0.958396 0.285444 1.000000 
-0.993807 -0.111123 1.000000 
-0.871009 -0.491267 1.000000 
-0.608829 -0.793302 1.000000 
-0.248797 -0.968556 1.000000 
0.152039 -0.988374 1.000000 
0.529171 -0.848515 1.000000 
0.821216 -0.570617 1.000000 
0.979895 -0.199516 1.000000 
0.978764 0.204988 1.000000 
0.816951 0.576707 1.000000 
0.520459 0.853887 1.000000 
0.137313 0.990528 1.000000 
-0.269443 0.963016 1.000000 
-0.631786 0.775143 1.000000 
-0.889507 0.456921 1.000000 
-0.998073 0.062050 1.000000 
-0.938935 -0.344094 1.000000 
-0.720684 -0.693264 1.000000 
-0.380210 -0.924900 1.000000 
0.026108 -0.999659 1.000000 
0.427997 -0.903780 1.000000 
0.757719 -0.652581 1.000000 
0.957518 -0.288374 1.000000 
0.992077 0.125628 1.000000 
0.854702 0.519118 1.000000 
0.568100 0.822960 1.000000 
0.181918 0.983314 1.000000 
-0.236970 0.971517 1.000000 
-0.614621 0.788823 1.000000 
-0.884531 0.466481 1.000000 
-0.998152 0.060765 1.000000 
-0.934416 -0.356184 1.000000 
-0.703783 -0.710415 1.000000 
-0.346539 -0.938035 1.000000 
0.073361 -0.997305 1.000000 
0.481271 -0.876572 1.000000 
0.802105 -0.597183 1.000000 
0.978050 -0.208370 1.000000 
0.975756 0.218860 1.000000 
0.794797 0.606875 1.000000 
0.467728 0.883872 1.000000 
0.053815 0.998551 1.000000 
-0.370884 0.928679 1.000000 
-0.727510 0.686098 1.000000 
-0.948949 0.315430 1.000000 
-0.993370 -0.114961 1.000000 
-0.851573 -0.524236 1.000000 
-0.549239 -0.835665 1.000000 
-0.142518 -0.989792 1.000000 
0.292048 -0.956404 1.000000 
0.671489 -0.741015 1.000000 
0.923455 -0.383707 1.000000 
0.998875 0.047424 1.000000 
0.882514 0.470286 1.000000 
0.595658 0.803238 1.000000 
0.192850 0.981228 1.000000 
-0.247822 0.968806 1.000000 
-0.641039 0.767508 1.000000 
-0.909548 0.415599 1.000000 
-0.999842 -0.017772 1.000000 
-0.893389 -0.449283 1.000000 
-0.610437 -0.792065 1.000000 
-0.205983 -0.978556 1.000000 
0.240227 -0.970717 1.000000 
0.639302 -0.768956 1.000000 
0.910734 -0.412993 1.000000 
0.999645 0.026650 1.000000 
0.887009 0.461751 1.000000 
0.595174 0.803597 1.000000 
0.181751 0.983344 1.000000 
-0.269498 0.963001 1.000000 
-0.666114 0.745850 1.000000 
-0.927052 0.374932 1.000000 
-0.997323 -0.073127 1.000000 
-0.861981 -0.506940 1.000000 
-0.547858 -0.836571 1.000000 
-0.119232 -0.992866 1.000000 
0.334663 -0.942338 1.000000 
0.719397 -0.694599 1.000000 
0.953637 -0.300960 1.000000 
0.987570 0.157180 1.000000 
0.812805 0.582536 1.000000 
0.465339 0.885132 1.000000 
0.018606 0.999827 1.000000 
-0.432918 0.901433 1.000000 
-0.792553 0.609803 1.000000 
-0.982366 0.186970 1.000000 
-0.960895 -0.276914 1.000000 
-0.731578 -0.681757 1.000000 
-0.343439 -0.939175 1.000000 
0.120115 -0.992760 1.000000 
0.557909 -0.829902 1.000000 
0.874640 -0.484773 1.000000 
0.999462 -0.032792 1.000000 
0.904141 0.427234 1.000000 
0.608889 0.793255 1.000000 
0.178075 0.984017 1.000000 
-0.293152 0.956066 1.000000 
-0.699396 0.714734 1.000000 
-0.949772 0.312944 1.000000 
-0.987134 -0.159896 1.000000 
-0.802132 -0.597146 1.000000 
-0.435087 -0.900389 1.000000 
0.030615 -0.999531 1.000000 
0.490569 -0.871402 1.000000 
0.838946 -0.544215 1.000000 
0.995736 -0.092244 1.000000 
0.924119 0.382104 1.000000 
0.639463 0.768822 1.000000 
0.206456 0.978456 1.000000 
-0.274792 0.961504 1.000000 
-0.692985 0.720952 1.000000 
-0.950174 0.311721 1.000000 
-0.985229 -0.171243 1.000000 
-0.788971 -0.614430 1.000000 
-0.406924 -0.913462 1.000000 
0.072272 -0.997385 1.000000 
0.534766 -0.845000 1.000000 
0.870909 -0.491444 1.000000 
0.999791 -0.020449 1.000000 
0.889651 0.456641 1.000000 
0.566197 0.824270 1.000000 
0.105621 0.994406 1.000000 
-0.380859 0.924633 1.000000 
-0.775932 0.630816 1.000000 
-0.983080 0.183174 1.000000 
-0.951042 -0.309062 1.000000 
-0.686598 -0.727037 1.000000 
-0.253296 -0.967389 1.000000 
0.242658 -0.970112 1.000000 
0.679602 -0.733581 1.000000 
0.949066 -0.315078 1.000000 
0.983307 0.181956 1.000000 
0.772890 0.634540 1.000000 
0.369497 0.929232 1.000000 
-0.127026 0.991899 1.000000 
-0.592479 0.805586 1.000000 
-0.909205 0.416348 1.000000 
-0.996867 -0.079101 1.000000 
-0.831902 -0.554922 1.000000 
-0.455527 -0.890222 1.000000 
0.037959 -0.999279 1.000000 
0.521775 -0.853083 1.000000 
0.872972 -0.487769 1.000000 
0.999995 0.003277 1.000000 
0.869301 0.494283 1.000000 
0.513389 0.858156 1.000000 
0.023994 0.999712 1.000000 
-0.472443 0.881361 1.000000 
-0.846322 0.532672 1.000000 
-0.999019 0.044283 1.000000 
-0.889712 -0.456523 1.000000 
-0.545855 -0.837880 1.000000 
-0.057596 -0.998340 1.000000 
0.446703 -0.894682 1.000000 
0.832862 -0.553481 1.000000 
0.997954 -0.063943 1.000000 
0.896675 0.442689 1.000000 
0.554534 0.832161 1.000000 
0.063332 0.997993 1.000000 
-0.445319 0.895372 1.000000 
-0.834820 0.550522 1.000000 
-0.998444 0.055762 1.000000 
-0.890713 -0.454566 1.000000 
-0.540271 -0.841491 1.000000 
-0.041224 -0.999150 1.000000 
0.469535 -0.882914 1.000000 
0.851710 -0.524013 1.000000 
0.999806 -0.019708 1.000000 
0.871465 0.490457 1.000000 
0.501157 0.865356 1.000000 
-0.008788 0.999961 1.000000 
-0.517080 0.855937 1.000000 
-0.881489 0.472205 1.000000 
-0.999021 -0.044243 1.000000 
-0.835789 -0.549051 1.000000 
-0.436472 -0.899718 1.000000 
0.086589 -0.996244 1.000000 
0.585902 -0.810382 1.000000 
0.919266 -0.393638 1.000000 
0.990691 0.136132 1.000000 
0.778999 0.627025 1.000000 
0.342973 0.939345 1.000000 
-0.191744 0.981445 1.000000 
-0.671982 0.740568 1.000000 
-0.958388 0.285469 1.000000 
-0.967336 -0.253497 1.000000 
-0.694868 -0.719137 1.000000 
-0.219251 -0.975668 1.000000 
0.320843 -0.947132 1.000000 
0.767964 -0.640493 1.000000 
0.989350 -0.145555 1.000000 
0.919353 0.393433 1.000000 
0.577383 0.816474 1.000000 
0.063639 0.997973 1.000000 
-0.469418 0.882976 1.000000 
-0.863349 0.504608 1.000000 
-0.999682 -0.025231 1.000000 
-0.836288 -0.548290 1.000000 
-0.421335 -0.906905 1.000000 
0.121268 -0.992620 1.000000 
0.627649 -0.778497 1.000000 
0.944613 -0.328186 1.000000 
0.974922 0.222547 1.000000 
0.708298 0.705913 1.000000 
0.224500 0.974474 1.000000 
-0.328488 0.944508 1.000000 
-0.781029 0.624495 1.000000 
-0.993790 0.111274 1.000000 
-0.899597 -0.436721 1.000000 
-0.526869 -0.849946 1.000000 
0.009943 -0.999951 1.000000 
0.544442 -0.838799 1.000000 
0.909644 -0.415388 1.000000 
0.990381 0.138365 1.000000 
0.760370 0.649490 1.000000 
0.291029 0.956714 1.000000 
-0.270779 0.962642 1.000000 
-0.747725 0.664008 1.000000 
-0.988040 0.154198 1.000000 
-0.914303 -0.405030 1.000000 
-0.548888 -0.835896 1.000000 
-0.007359 -0.999973 1.000000 
0.536929 -0.843628 1.000000 
0.909412 -0.415897 1.000000 
0.989205 0.146540 1.000000 
0.749464 0.662045 1.000000 
0.266590 0.963810 1.000000 
-0.303600 0.952799 1.000000 
-0.775349 0.631533 1.000000 
-0.994571 0.104063 1.000000 
-0.888654 -0.458577 1.000000 
-0.490648 -0.871358 1.000000 
0.069158 -0.997606 1.000000 
0.606568 -0.795032 1.000000 
0.944355 -0.328927 1.000000 
0.969109 0.246632 1.000000 
0.671882 0.740658 1.000000 
0.150403 0.988625 1.000000 
-0.422061 0.906567 1.000000 
-0.854081 0.520140 1.000000 
-0.999156 -0.041068 1.000000 
-0.808233 -0.588862 1.000000 
-0.343610 -0.939112 1.000000 
0.237372 -0.971419 1.000000 
0.738607 -0.674137 1.000000 
0.989071 -0.147438 1.000000 
0.902520 0.430648 1.000000 
0.507189 0.861835 1.000000 
-0.062628 0.998037 1.000000 
-0.611325 0.791379 1.000000 
-0.950152 0.311787 1.000000 
-0.961100 -0.276201 1.000000 
-0.639285 -0.768970 1.000000 
-0.095111 -0.995467 1.000000 
0.482915 -0.875667 1.000000 
0.892877 -0.450301 1.000000 
0.991098 0.133138 1.000000 
0.741768 0.670657 1.000000 
0.231110 0.972928 1.000000 
-0.361374 0.932421 1.000000 
-0.826930 0.562306 1.000000 
-0.999974 -0.007189 1.000000 
-0.818229 -0.574893 1.000000 
-0.344884 -0.938645 1.000000 
0.252260 -0.967659 1.000000 
0.759261 -0.650786 1.000000 
0.994995 -0.099921 1.000000 
0.873054 0.487624 1.000000 
0.436314 0.899794 1.000000 
-0.158683 0.987330 1.000000 
-0.696630 0.717431 1.000000 
-0.982408 0.186749 1.000000 
-0.910904 -0.412618 1.000000 
-0.506713 -0.862115 1.000000 
0.083116 -0.996540 1.000000 
0.643234 -0.765670 1.000000 
0.967385 -0.253312 1.000000 
0.935614 0.353023 1.000000 
0.558162 0.829732 1.000000 
-0.026131 0.999659 1.000000 
-0.601843 0.798614 1.000000 
-0.953895 0.300139 1.000000 
-0.950552 -0.310566 1.000000 
-0.591575 -0.806250 1.000000 
-0.010983 -0.999940 1.000000 
0.574844 -0.818263 1.000000 
0.944572 -0.328305 1.000000 
0.958161 0.286230 1.000000 
0.609343 0.792906 1.000000 
0.028584 0.999591 1.000000 
-0.563432 0.826163 1.000000 
-0.941340 0.337460 1.000000 
-0.959982 -0.280061 1.000000 
-0.611134 -0.791527 1.000000 
-0.027121 -0.999632 1.000000 
0.567710 -0.823229 1.000000 
0.944310 -0.329058 1.000000 
0.956106 0.293023 1.000000 
0.597388 0.801952 1.000000 
0.006147 0.999981 1.000000 
-0.588230 0.808693 1.000000 
-0.953415 0.301661 1.000000 
-0.946048 -0.324026 1.000000 
-0.567506 -0.823369 1.000000 
0.034336 -0.999410 1.000000 
0.623400 -0.781903 1.000000 
0.966890 -0.255195 1.000000 
0.927887 0.372862 1.000000 
0.520674 0.853756 1.000000 
-0.094207 0.995553 1.000000 
-0.671930 0.740615 1.000000 
-0.981891 0.189445 1.000000 
-0.899021 -0.437906 1.000000 
-0.454930 -0.890527 1.000000 
0.172551 -0.985001 1.000000 
0.731183 -0.682182 1.000000 
0.994635 -0.103445 1.000000 
0.855435 0.517909 1.000000 
0.368535 0.929614 1.000000 
-0.268662 0.963234 1.000000 
-0.797031 0.603938 1.000000 
-0.999997 -0.002403 1.000000 
-0.793286 -0.608849 1.000000 
-0.260465 -0.965483 1.000000 
0.380283 -0.924870 1.000000 
0.864516 -0.502606 1.000000 
0.991768 0.128044 1.000000 
0.707864 0.706349 1.000000 
0.129696 0.991554 1.000000 
-0.503560 0.863960 1.000000 
-0.926863 0.375399 1.000000 
-0.962843 -0.270062 1.000000 
-0.594978 -0.803742 1.000000 
0.023338 -0.999728 1.000000 
0.632204 -0.774802 1.000000 
0.974923 -0.222544 1.000000 
0.905399 0.424562 1.000000 
0.451542 0.892250 1.000000 
-0.194560 0.980891 1.000000 
-0.758226 0.651992 1.000000 
-0.999030 0.044045 1.000000 
-0.812385 -0.583122 1.000000 
-0.277439 -0.960743 1.000000 
0.377732 -0.925915 1.000000 
0.870538 -0.492101 1.000000 
0.987954 0.154747 1.000000 
0.677699 0.735340 1.000000 
0.073735 0.997278 1.000000 
-0.563686 0.825989 1.000000 
-0.955549 0.294833 1.000000 
-0.930758 -0.365636 1.000000 
-0.498580 -0.866844 1.000000 
0.152882 -0.988244 1.000000 
0.737228 -0.675644 1.000000 
0.997889 -0.064947 1.000000 
0.818055 0.575139 1.000000 
0.276141 0.961117 1.000000 
-0.388857 0.921298 1.000000 
-0.881714 0.471785 1.000000 
-0.982145 -0.188127 1.000000 
-0.644256 -0.764810 1.000000 
-0.018080 -0.999837 1.000000 
0.617262 -0.786758 1.000000 
0.975422 -0.220346 1.000000 
0.894909 0.446249 1.000000 
0.410507 0.911857 1.000000 
-0.260103 0.965581 1.000000 
-0.813267 0.581890 1.000000 
-0.997761 -0.066886 1.000000 
-0.727998 -0.685579 1.000000 
-0.126121 -0.992015 1.000000 
0.534446 -0.845202 1.000000 
0.950437 -0.310916 1.000000 
0.930468 0.366372 1.000000 
0.482496 0.875898 1.000000 
-0.188914 0.981994 1.000000 
-0.773055 0.634339 1.000000 
-0.999970 -0.007805 1.000000 
-0.763040 -0.646351 1.000000 
-0.170804 -0.985305 1.000000 
0.501377 -0.865229 1.000000 
0.940108 -0.340876 1.000000 
0.939087 0.343680 1.000000 
0.497191 0.867641 1.000000 
-0.178319 0.983973 1.000000 
-0.770919 0.636933 1.000000 
-0.999940 -0.010969 1.000000 
-0.756157 -0.654390 1.000000 
-0.153482 -0.988151 1.000000 
0.522444 -0.852674 1.000000 
0.950377 -0.311101 1.000000 
0.925174 0.379542 1.000000 
0.457663 0.889126 1.000000 
-0.230056 0.973177 1.000000 
-0.807361 0.590058 1.000000 
-0.997012 -0.077246 1.000000 
-0.706185 -0.708027 1.000000 
-0.073728 -0.997278 1.000000 
0.594772 -0.803894 1.000000 
0.975532 -0.219856 1.000000 
0.882092 0.471077 1.000000 
0.358571 0.933502 1.000000 
-0.339929 0.940451 1.000000 
-0.873447 0.486920 1.000000 
-0.978680 -0.205393 1.000000 
-0.603260 -0.797544 1.000000 
0.069633 -0.997573 1.000000 
0.708548 -0.705663 1.000000 
0.997909 -0.064640 1.000000 
0.793103 0.609088 1.000000 
0.194564 0.980890 1.000000 
-0.501371 0.865232 1.000000 
-0.948067 0.318071 1.000000 
-0.921565 -0.388223 1.000000 
-0.433459 -0.901173 1.000000 
0.272429 -0.962176 1.000000 
0.841815 -0.539767 1.000000 
0.987937 0.154858 1.000000 
0.635569 0.772044 1.000000 
-0.038736 0.999249 1.000000 
-0.693772 0.720195 1.000000 
-0.997174 0.075122 1.000000 
-0.793550 -0.608505 1.000000 
-0.185253 -0.982691 1.000000 
0.518320 -0.855187 1.000000 
0.957158 -0.289566 1.000000 
0.905244 0.424892 1.000000 
0.388370 0.921503 1.000000 
-0.329335 0.944213 1.000000 
-0.877459 0.479652 1.000000 
-0.972373 -0.233431 1.000000 
-0.563695 -0.825983 1.000000 
0.138411 -0.990375 1.000000 
0.768851 -0.639428 1.000000 
0.998992 0.044894 1.000000 
0.707745 0.706468 1.000000 
0.045775 0.998952 1.000000 
-0.640879 0.767642 1.000000 
-0.991136 0.132850 1.000000 
-0.819883 -0.572531 1.000000 
-0.215740 -0.976451 1.000000 
0.502757 -0.864428 1.000000 
0.955674 -0.294425 1.000000 
0.901843 0.432064 1.000000 
0.368559 0.929604 1.000000 
-0.361637 0.932319 1.000000 
-0.899414 0.437097 1.000000 
-0.956361 -0.292187 1.000000 
-0.500762 -0.865585 1.000000 
0.224324 -0.974515 1.000000 
0.829077 -0.559134 1.000000 
0.987420 0.158121 1.000000 
0.612292 0.790631 1.000000 
-0.094432 0.995531 1.000000 
-0.750637 0.660715 1.000000 
-0.999435 -0.033598 1.000000 
-0.704231 -0.709971 1.000000 
-0.024560 -0.999698 1.000000 
0.668872 -0.743377 1.000000 
0.996843 -0.079399 1.000000 
0.777813 0.628496 1.000000 
0.131222 0.991353 1.000000 
-0.588616 0.808413 1.000000 
-0.983839 0.179056 1.000000 
-0.835189 -0.549963 1.000000 
-0.223742 -0.974648 1.000000 
0.512502 -0.858686 1.000000 
0.964176 -0.265262 1.000000 
0.878960 0.476895 1.000000 
0.302778 0.953061 1.000000 
-0.443400 0.896324 1.000000 
-0.941435 0.337195 1.000000 
-0.911262 -0.411828 1.000000 
-0.368150 -0.929766 1.000000 
0.382756 -0.923850 1.000000 
0.918194 -0.396132 1.000000 
0.934358 0.356335 1.000000 
0.420807 0.907150 1.000000 
-0.332269 0.943185 1.000000 
-0.896885 0.442265 1.000000 
-0.950247 -0.311497 1.000000 
-0.460592 -0.887612 1.000000 
0.292826 -0.956166 1.000000 
0.879302 -0.476265 1.000000 
0.960698 0.277594 1.000000 
0.489347 0.872089 1.000000 
-0.264993 0.964250 1.000000 
-0.866532 0.499122 1.000000 
-0.966812 -0.255488 1.000000 
-0.506036 -0.862512 1.000000 
0.248671 -0.968588 1.000000 
0.859871 -0.510512 1.000000 
0.969416 0.245425 1.000000 
0.512571 0.858645 1.000000 
-0.244459 0.969660 1.000000 
-0.859081 0.511840 1.000000 
-0.968997 -0.247074 1.000000 
-0.508316 -0.861171 1.000000 
0.252398 -0.967623 1.000000 
0.864881 -0.501976 1.000000 
0.965379 0.260851 1.000000 
0.493176 0.869930 1.000000 
-0.272410 0.962181 1.000000 
-0.876457 0.481481 1.000000 
-0.958046 -0.286613 1.000000 
-0.466830 -0.884347 1.000000 
