-14852.703523 -4688.017040 15574.989750 
15755.879572 600.087152 15767.303056 
-14968.299171 4316.492863 15578.256985 
13554.364533 -8036.581130 15757.773768 
-10386.972072 11622.286475 15587.390151 
7382.289058 -13910.933515 15748.405094 
-3008.078849 15307.690403 15600.446271 
-537.079929 -15722.536397 15731.707015 
4848.262668 14851.416008 15622.746504 
-7949.644057 -13549.122644 15709.091796 
11220.447915 10907.007455 15648.043425 
-13207.319281 -8449.883914 15679.088645 
14921.159580 4826.142909 15682.240228 
-15526.073778 -1925.111618 15644.967936 
15607.311291 -1874.478033 15719.473071 
-14919.056591 4568.487220 15602.862719 
13631.362569 -7911.509817 15760.902038 
-11976.486313 9938.978611 15563.403235 
9751.286220 -12434.386609 15801.947769 
-7541.644742 13562.947412 15518.696721 
4853.029465 -15080.181295 15841.835843 
-2485.398659 15279.256715 15480.080499 
-250.677406 -15873.639068 15875.618301 
2460.381696 15257.600836 15454.703535 
-4951.495364 -15103.619103 15894.546748 
6804.405038 13859.914657 15440.115357 
-8865.961693 -13192.789315 15895.123990 
10276.760134 11541.472909 15453.717863 
-11829.296124 -10585.601984 15874.105208 
12800.946651 8717.638376 15487.461187 
-13843.703171 -7670.494119 15826.705201 
14446.334144 5754.912696 15550.420905 
-15020.485052 -4748.301089 15753.137288 
15358.886425 2913.449060 15632.772551 
-15531.815811 -2033.529537 15664.371828 
15720.585314 371.068618 15724.964055 
-15568.787267 352.878774 15572.785891 
15711.962001 -1767.394583 15811.054156 
-15316.765197 2352.375692 15496.353362 
15489.590460 -3460.866921 15871.515759 
-14940.912241 3955.668534 15455.684137 
15172.173269 -4704.306238 15884.751772 
-14579.625715 5166.706095 15468.042470 
14852.043521 -5522.537018 15845.554956 
-14334.617167 5984.344634 15533.629003 
14590.194756 -5956.753457 15759.336749 
-14269.456610 6405.940449 15641.402270 
14422.897281 -6050.067609 15640.437464 
-14400.709581 6402.523719 15759.846014 
14386.022813 -5841.608473 15526.816864 
-14690.151136 5956.795031 15851.938286 
14516.193063 -5338.359392 15466.671977 
-15051.448127 5052.820743 15876.935730 
14813.172723 -4497.518921 15480.883779 
-15374.200092 3721.077876 15818.105102 
15239.935960 -3238.167224 15580.159660 
-15565.409105 2021.988143 15696.190514 
15647.973815 -1459.387900 15715.880425 
-15558.306737 17.668421 15558.316770 
15809.175370 871.138849 15833.158522 
-15308.419448 -2263.688572 15474.882615 
15444.186392 3653.437811 15870.428512 
-14714.681106 -4849.182768 15493.108583 
14327.001794 6652.229481 15796.048160 
-13555.938498 -7746.834755 15613.357015 
12391.701838 9559.944491 15650.776757 
-11507.195952 -10779.412975 15767.412685 
9677.529306 12124.615293 15513.248192 
-8316.458758 -13508.073979 15862.898502 
6214.280679 14174.669324 15477.032493 
-4043.667151 -15301.787626 15827.063802 
1945.438848 15456.253028 15578.205609 
874.751923 -15658.800815 15683.215037 
-3069.937139 15441.483863 15743.695180 
5851.080428 -14382.916381 15527.505459 
-8311.783556 13500.942103 15854.374272 
10393.094743 -11477.945367 15484.174120 
-12731.791478 9384.160731 15816.478334 
13989.991800 -6890.600119 15594.878665 
-15238.909298 3604.326565 15659.359073 
15754.674291 -713.732900 15770.833100 
-15239.491923 -2863.887148 15506.255630 
14594.540987 6199.987622 15856.874633 
-12584.587562 -9060.446428 15506.886650 
10115.133412 12094.493606 15766.822747 
-7201.115311 -13917.470782 15670.100660 
3219.623662 15244.070674 15580.361589 
465.347205 -15822.808668 15829.650096 
-4505.023054 14817.050878 15486.775954 
8510.839234 -13339.629134 15823.403234 
-11443.788348 10592.629032 15593.719299 
14121.488269 -6742.253056 15648.463413 
-15529.254536 2827.797162 15784.618565 
15381.224095 1921.384147 15500.766810 
-14452.002055 -6487.986494 15841.538188 
11738.391237 10202.716146 15552.660402 
-7856.449525 -13582.720028 15691.210357 
3559.647114 15343.291431 15750.799330 
1725.256913 -15419.898355 15516.113453 
-6714.562798 14350.124201 15843.339868 
10768.701902 -11202.295866 15538.866539 
-14189.482543 6740.628524 15709.152992 
15635.156603 -1804.033074 15738.889965 
-15012.037344 -3942.470940 15521.093464 
12937.127077 9136.677089 15838.185667 
-8726.477968 -12865.615214 15545.914980 
3156.195447 15375.136590 15695.744482 
2492.851771 -15557.399002 15755.855219 
-8246.068392 13140.243931 15513.337955 
12910.486982 -9164.002963 15832.233716 
-15168.425291 3528.155089 15573.342742 
15351.165552 3085.158053 15658.112403 
-13084.085614 -8830.522236 15785.164533 
8082.224663 13228.978995 15502.523690 
-1851.348497 -15699.552907 15808.334913 
-4604.163276 14931.966471 15625.682135 
10725.396779 -11329.357901 15600.913003 
-14689.902685 5881.443906 15823.546483 
15475.951751 1112.112537 15515.858884 
-13485.870906 -8131.733464 15747.818999 
8642.718551 13118.019236 15709.201527 
-1486.086178 -15461.513801 15532.767337 
-5839.033989 14713.351110 15829.624721 
11717.761834 -10260.920080 15575.378753 
-15304.872943 3270.542973 15650.418114 
15222.459969 4208.586696 15793.526822 
-11050.113177 -10889.548713 15514.099149 
4272.570926 15179.857541 15769.684122 
3479.227062 -15297.961664 15688.615363 
-10731.721157 11245.858358 15544.747318 
15189.780539 -4444.334588 15826.608694 
-15133.294398 -3712.686339 15582.061455 
10896.394067 11218.320575 15639.121465 
-3725.404636 -15358.501986 15803.867341 
-4863.525736 14739.518151 15521.188031 
12241.986067 -9892.366165 15739.286236 
-15596.447701 2048.532616 15730.405805 
13945.661289 6821.906641 15524.814942 
-8047.328769 -13601.289534 15803.625448 
-585.345705 15629.401880 15640.359098 
9391.144429 -12426.151298 15575.712818 
-14954.315070 5163.277746 15820.587104 
15024.030440 4091.484464 15571.182864 
-9790.190407 -12200.677521 15643.029124 
1139.028083 15761.043809 15802.148175 
8159.012833 -13213.689730 15529.684050 
-14627.766849 5733.779583 15711.390495 
15281.290742 3851.189427 15759.108692 
-9665.918412 -12142.914484 15520.320580 
237.470761 15761.871371 15763.660155 
9191.646867 -12736.948269 15707.202913 
-14969.594913 4144.230774 15532.656585 
14545.316320 6160.318148 15796.067439 
-7627.959975 -13678.244800 15661.422483 
-2918.408921 15278.285557 15554.520893 
12121.888938 -10147.551066 15808.636376 
-15622.924891 210.502914 15624.342982 
11875.709550 10087.099332 15581.464958 
-2610.080530 -15598.624739 15815.486528 
-8014.215567 13379.340131 15595.973631 
14935.215642 -4524.995254 15605.647963 
-14419.818096 -6498.654335 15816.562903 
6356.731204 14221.539244 15577.554688 
5143.609626 -14753.487638 15624.407748 
-13874.006017 7583.699220 15811.405276 
15095.361918 3818.654347 15570.872565 
-8152.370377 -13339.785835 15633.650530 
-3223.009233 15478.048110 15810.052555 
12865.544524 -8761.611975 15565.605684 
-15338.512465 -3038.034101 15636.483487 
8955.447175 13026.625374 15808.004388 
2860.346755 -15303.175748 15568.197441 
-13129.855991 8483.139876 15631.915445 
15430.808767 3438.706273 15809.318772 
-8095.115619 -13306.848175 15575.721660 
-4399.176352 14987.125406 15619.432785 
14083.265623 -7190.784692 15812.835138 
-14641.535833 -5353.178581 15589.454528 
5628.502420 14551.168840 15601.812527 
7096.626257 -14130.921522 15812.812757 
-15065.989668 4102.301209 15614.509915 
12817.083358 8851.579400 15576.523479 
-1731.977583 -15713.699264 15808.861152 
-10623.066354 11487.126318 15646.201130 
15517.140061 990.064125 15548.693278 
-9266.038805 -12788.055438 15792.208111 
-3818.993848 15216.207149 15688.138004 
14181.267777 -6336.147292 15532.389329 
-13950.449914 -7334.805041 15761.168034 
3065.673025 15437.098006 15738.562385 
10281.570863 -11636.989921 15528.368679 
-15661.132862 -1276.575914 15713.075083 
8635.984448 13208.879092 15781.467430 
5383.899355 -14583.281005 15545.367706 
-15101.500703 4104.416182 15649.330838 
12412.612428 9791.465452 15809.672450 
651.944871 -15578.127271 15591.763255 
-13230.000937 8230.579908 15581.250605 
14545.151709 6189.025506 15807.133673 
-3275.238203 -15322.522434 15668.659133 
-10904.273557 11059.530446 15531.142762 
15467.350788 3040.019378 15763.269275 
-6170.837705 -14488.903413 15748.255779 
-8743.821975 12830.204035 15526.382654 
15663.889899 646.539409 15677.227433 
-8047.207069 -13608.518717 15809.785681 
-7145.376533 13846.162087 15581.162034 
15558.142876 -904.909093 15584.436795 
-9005.852357 -12995.514525 15811.033313 
-6327.133977 14347.515729 15680.683402 
15440.149216 -1609.474704 15523.808058 
-9162.823563 -12795.843433 15738.200177 
-6390.711203 14431.291453 15783.008670 
15479.765468 -1455.074818 15548.002498 
-8610.348704 -13028.779653 15616.888424 
-7305.870185 14033.750458 15821.564116 
15645.859869 -359.537080 15649.990350 
-7381.072081 -13658.841565 15525.597508 
-8905.582357 12993.328143 15752.332314 
15679.961487 1776.100330 15780.232084 
-5364.094010 -14584.488895 15539.653177 
-10902.021833 11176.434031 15613.031663 
15061.263621 4851.355735 15823.315529 
-2304.423669 -15498.116134 15668.502550 
-13006.371010 8457.510904 15514.353919 
13266.208086 8447.477859 15727.433330 
1958.984781 -15686.078431 15807.930855 
-14864.984766 4603.601610 15561.520487 
10028.416175 11907.219609 15567.626980 
7009.473523 -14169.025530 15808.036043 
-15719.618642 -658.123442 15733.389231 
5284.553778 14584.741368 15512.613880 
11722.770307 -10368.119337 15649.959817 
-14238.896535 -6924.902611 15833.523003 
-1017.359851 15616.781113 15649.884134 
14848.863106 -4470.826673 15507.321712 
-9512.996227 -12528.802722 15731.115499 
-8254.292768 13495.645376 15819.791188 
15293.033450 2985.580844 15581.738192 
-2109.352065 -15390.279592 15534.158235 
-14048.702363 7198.762511 15785.696683 
11564.960663 10748.943367 15788.859954 
6390.842335 -14161.527470 15536.786219 
-15457.643331 -1877.044835 15571.192461 
3079.814356 15517.388828 15820.069928 
13686.076517 -7805.838067 15755.627514 
-11273.125179 -10654.673281 15511.460731 
-7188.368693 13848.246073 15602.774233 
15569.088431 2907.703120 15838.284377 
-1746.808900 -15630.475305 15727.781140 
-14397.543975 5728.302148 15495.248240 
9229.512202 12602.317661 15620.573162 
9825.024002 -12439.965111 15851.934539 
-14487.339716 -6099.442730 15718.976228 
-2429.289571 15297.950486 15489.633208 
15582.962966 -1100.001190 15621.739257 
-4910.771764 -15073.069602 15852.857993 
-13323.008299 8352.673852 15724.811942 
10847.752664 11054.718784 15488.077520 
8726.721286 -12938.142346 15606.126739 
-14745.838163 -5814.443771 15850.788608 
-2436.612414 15562.510821 15752.105355 
15483.880242 -579.957862 15494.737767 
-3274.080195 -15220.828571 15568.982738 
-14578.695606 6185.784729 15836.738878 
8881.941015 13057.046664 15791.622582 
11160.209759 -10781.697575 15517.579852 
-12314.126270 -9449.345920 15521.850538 
-7518.785824 13896.417954 15800.081399 
15013.407931 5060.297319 15843.264394 
2691.824942 -15337.019568 15571.451145 
-15454.392274 -782.276011 15474.178373 
1191.797652 15682.946140 15728.165223 
15503.216679 -3446.416584 15881.672288 
-5393.211380 -14705.988265 15663.742204 
-13888.470483 6771.350223 15451.239309 
8130.025422 13340.949263 15623.003571 
12559.717713 -9713.747907 15877.764560 
-10995.189885 -11313.448271 15776.194484 
-10144.282256 11707.873646 15491.312656 
12344.439640 9383.309043 15505.859493 
8598.186069 -13257.398786 15801.500759 
-14031.297956 -7435.143124 15879.504892 
-6295.778715 14287.638779 15613.246027 
14373.044996 5630.470497 15436.535249 
5163.237245 -14768.400703 15644.956956 
-15269.647612 -4416.615873 15895.553905 
-3533.091533 15387.098158 15787.511695 
15191.401635 3027.955923 15490.229201 
2939.870191 -15195.215578 15476.996259 
-15522.574174 -2779.481531 15769.458664 
-2336.856101 15740.773719 15913.291731 
15553.661731 2005.755530 15682.456711 
2154.803059 -15277.584733 15428.796826 
-15333.002959 -2557.395951 15544.814369 
-2765.706672 15611.540540 15854.631230 
15647.101093 2772.975016 15890.914481 
3002.776749 -15307.961770 15599.691079 
-14959.992701 -3692.658135 15408.994313 
-4561.178334 14924.496706 15605.926750 
15017.492373 5210.367107 15895.691321 
5670.991832 -14818.750047 15866.805013 
-14209.691788 -6330.772191 15556.156892 
-7404.719552 13506.631616 15403.212952 
13015.449400 8652.954758 15629.316976 
9685.781878 -12630.945077 15917.133665 
-11955.817624 -10431.474623 15866.859735 
-11188.866867 10789.684425 15543.745744 
9342.734879 12229.243139 15389.642061 
13438.212941 -7954.196550 15615.851235 
-6696.797408 -14439.752148 15917.083201 
-14987.300618 5293.948657 15894.812745 
3460.333375 15187.515507 15576.730541 
15329.460473 -1208.681167 15377.037054 
1150.813753 -15515.338022 15557.958935 
-15537.692677 -3320.059011 15888.445033 
-5272.417754 15048.381787 15945.287185 
13895.619129 7220.221179 15659.496315 
9330.559023 -12228.679241 15381.805084 
-10322.308871 -11511.881122 15462.000757 
-13430.836209 8320.300154 15799.201117 
6128.311081 14761.385584 15982.950325 
15393.977156 -3542.266868 15796.271308 
-474.482893 -15447.222826 15454.508308 
-15089.184286 -2894.828975 15364.358666 
-6213.398646 14351.177855 15638.498283 
13071.342505 9137.524471 15948.490472 
11503.317634 -11048.813370 15950.002930 
-8185.336148 -13321.456410 15635.246360 
-14635.667913 4632.545633 15351.327444 
726.827618 15409.428929 15426.560806 
15455.748728 3160.314016 15775.542888 
6738.568351 -14522.679068 16009.887905 
-12458.453882 -9854.346322 15884.621952 
-12434.563429 9303.825362 15529.956022 
5317.090362 14366.423964 15318.798498 
15452.969902 -902.160929 15479.282061 
3519.617376 -15445.103178 15841.051690 
-14125.096945 -7581.210720 16031.004949 
-11005.894757 11423.767892 15862.918781 
7489.353211 13563.323067 15493.680781 
15058.295738 -2695.268967 15297.605870 
2432.158180 -15279.434522 15471.797334 
-14058.470324 -7301.408399 15841.437828 
-11356.220753 11344.759369 16052.019030 
7253.305213 14154.740927 15904.940340 
15386.804845 -2141.982379 15535.181101 
3417.540806 -14898.534217 15285.480266 
-12697.756162 -8705.205849 15395.246683 
-12960.866373 8962.106713 15757.646203 
4059.726613 15525.564544 16047.570987 
15941.506570 1465.753397 16008.749631 
6921.606305 -14063.762663 15674.758502 
-10088.301786 -11539.788437 15327.770552 
-14580.252301 4562.361770 15277.398407 
-1712.869814 15470.937330 15565.468990 
13929.661376 7755.138039 15942.949289 
12564.219789 -10067.980375 16100.430048 
-4412.593087 -15287.642756 15911.725198 
-15380.389222 -2130.534290 15527.251816 
-8412.485059 12717.196090 15247.851693 
7682.034439 13238.868488 15306.250095 
15615.324370 -1131.781261 15656.285766 
5722.433680 -14960.530996 16017.607028 
-11279.880115 -11517.287401 16120.905821 
-15014.106856 5221.172167 15896.038610 
-2013.481528 15364.790747 15496.157671 
12364.463881 8872.692386 15218.562260 
13804.140577 -6536.523213 15273.520641 
897.962658 -15589.921303 15615.760730 
-13706.088377 -8257.873396 16001.541539 
-13752.564194 8481.544419 16157.648889 
1123.051302 15953.852911 15993.331953 
14165.231964 6557.955501 15609.630904 
12538.631618 -8687.372288 15254.105025 
-834.185953 -15152.888072 15175.832206 
-13554.342329 -7364.241120 15425.700738 
-13632.684680 8051.393237 15832.720065 
110.454126 16142.782454 16143.160331 
14049.341466 8005.372310 16170.033440 
13826.674770 -7838.076799 15893.784418 
704.706481 -15463.891181 15479.939977 
-12232.060928 -8976.140555 15172.159167 
-14318.969577 4972.041402 15157.641158 
-4085.303875 14898.486868 15448.450366 
10392.020288 11993.299726 15869.257197 
16028.548763 -2203.724016 16179.331723 
6889.022080 -14684.351390 16220.012360 
-8284.692673 -13653.590513 15970.493624 
-15522.015373 -983.284762 15553.128629 
-9765.722511 11635.189510 15190.357833 
3265.999428 14718.005750 15076.022205 
13817.411488 6504.321021 15271.773053 
13891.439580 -7260.704394 15674.499095 
2475.739526 -15885.442774 16077.206795 
-11530.996953 -11501.389217 16286.369904 
-16019.946709 2484.256969 16211.422678 
-7528.696610 13994.037024 15890.699949 
6114.415966 14196.997657 15457.710861 
14485.514418 4305.216828 15111.751053 
12650.843423 -8092.779038 15017.886398 
2230.566111 -15053.863426 15218.220304 
-10242.729865 -11795.666517 15622.140176 
-16042.901185 297.564380 16045.660565 
-10138.303110 12786.688623 16318.228944 
3419.463542 15976.285276 16338.127865 
14211.186859 7565.248529 16099.404251 
14669.037819 -5565.378870 15689.299299 
5664.282966 -14171.233701 15261.322555 
-6186.505519 -13644.372321 14981.379996 
-14045.992486 -5165.913835 14965.846807 
-13770.860232 6468.947948 15214.594279 
-5094.658836 14779.668080 15633.110286 
7395.255056 14267.378918 16070.093296 
15751.383974 4452.063812 16368.474861 
14092.237641 -8482.267822 16448.101080 
3545.836200 -15886.671696 16277.570210 
-8653.707082 -13361.394108 15918.966636 
-15085.864797 -3416.952231 15467.995321 
-13018.681028 7593.304394 15071.308083 
-4543.116283 14138.561133 14850.549366 
5941.190466 13649.905808 14886.828834 
13723.136596 6441.143498 15159.578081 
14931.542298 -4450.819029 15580.781284 
8293.438689 -13722.814161 16034.236925 
-3262.575872 -16059.164846 16387.226027 
-13437.316012 -9687.277811 16565.168667 
-16408.840972 1918.256804 16520.586286 
-10773.524441 12193.770973 16271.351493 
-140.730481 15872.946018 15873.569868 
9768.966121 11919.023270 15410.899220 
14671.717881 3126.938052 15001.234854 
13298.279052 -6357.992066 14740.023367 
6795.004568 -13027.664345 14693.268028 
-2356.617279 -14688.234677 14876.084260 
-10951.028125 -10588.975393 15233.233960 
-15580.842341 -1859.382469 15691.397364 
-13862.404948 8268.700582 16141.179643 
-5998.823679 15376.381298 16505.120034 
4778.964656 16023.030556 16720.526648 
13609.867347 9769.368331 16753.180200 
16598.981146 -464.058826 16605.466741 
12801.169356 -10080.071401 16293.488771 
4385.498834 -15252.096726 15870.067881 
-4940.008063 -14587.454185 15401.217461 
-11846.253874 -9132.476743 14957.802723 
-14567.464645 -1269.467883 14622.673315 
-12890.238076 6523.643349 14447.012155 
-7625.880958 12287.497145 14461.557539 
-175.415829 14666.021819 14667.070830 
7634.530876 12932.494689 15017.838745 
13655.592284 7254.249708 15462.837367 
15901.447481 -1049.133386 15936.019354 
13297.728174 -9565.189280 16380.550069 
6334.835122 -15503.519865 16747.813715 
-2883.396610 -16751.168365 16997.517984 
-11358.085602 -12804.372815 17116.017987 
-16352.057332 -4977.707171 17092.903430 
-16420.817566 4126.486232 16931.365513 
-11855.241439 11684.112402 16645.276573 
-4380.881891 15658.883908 16260.159021 
3662.962033 15382.846316 15812.945697 
10173.389438 11475.109110 15335.448534 
13863.915542 5365.512379 14865.963717 
14393.302714 -1313.986171 14453.156149 
12137.095936 -7227.321936 14125.978908 
7869.232194 -11485.431190 13922.641450 
2440.842944 -13635.992625 13852.725693 
-3305.837807 -13526.890113 13924.989039 
-8593.068902 -11220.093195 14132.633316 
-12650.787395 -6977.880474 14447.603179 
-14791.543654 -1338.220706 14851.956044 
-14505.015621 4885.654737 15305.721165 
-11648.458229 10657.439421 15788.210605 
-6532.551579 14896.821466 16266.207915 
51.616116 16726.515786 16726.595426 
6953.582487 15670.876336 17144.348181 
12919.390183 11816.495099 17508.289441 
16840.841091 5807.431241 17814.044636 
18000.895911 -1312.492130 18048.681093 
16215.226045 -8291.953047 18212.359568 
11842.020701 -13955.599775 18302.792666 
5682.354984 -17419.394682 18322.785521 
-1217.632421 -18230.886360 18271.503665 
-7765.147487 -16417.068573 18160.882578 
-13022.019321 -12403.567591 17983.922714 
-16347.117798 -6924.235111 17753.120632 
-17453.751909 -842.955191 17474.095947 
-16401.179460 5007.366647 17148.539542 
-13536.398295 9925.823487 16785.590567 
-9392.245960 13431.081436 16389.271879 
-4578.439630 15295.188989 15965.741939 
309.811718 15513.008186 15516.101517 
4762.331129 14282.188099 15055.254720 
8409.513365 11910.978705 14580.511951 
11032.724042 8776.148849 14097.580942 
12550.869222 5266.104899 13610.884580 
13002.455863 1724.547592 13116.322764 
12533.083041 -1563.945663 12630.284895 
11320.666209 -4402.890011 12146.724820 
9577.673544 -6666.655113 11669.452469 
7513.049119 -8307.169861 11200.668648 
5315.874535 -9336.694084 10743.946132 
3134.317077 -9808.837322 10297.438184 
1094.506071 -9804.308369 9865.211915 
-725.498315 -9418.836826 9446.736736 
-2282.919091 -8747.500254 9040.491152 
-3554.661502 -7888.633377 8652.523040 
-4548.308596 -6917.538536 8278.855627 
-5276.930185 -5903.591082 7918.230853 
-5776.430647 -4905.488058 7578.321985 
-6075.108959 -3953.514202 7248.256577 
-6213.586315 -3080.147594 6935.125384 
-6224.700265 -2299.180528 6635.745963 
-6140.113525 -1624.526336 6351.384095 
-5988.890207 -1051.196641 6080.445731 
-5795.882395 -580.400056 5824.870553 
-5577.712508 -204.027238 5581.442818 
-5350.089351 86.439344 5350.787589 
-5122.336842 295.438805 5130.849716 
-4902.968349 432.410876 4921.999370 
-4698.731264 504.684386 4725.757275 
-4506.211004 520.394616 4536.160069 
-4338.536836 487.420360 4365.831018 
-4177.014672 407.646855 4196.859246 
-4029.019624 289.812474 4039.429465 
-3886.633933 131.660061 3888.863291 
-3747.186469 -56.463659 3747.611850 
-3602.887133 -270.389238 3613.018964 
-3450.227775 -508.711000 3487.529008 
-3274.629770 -770.057706 3363.954370 
-3080.843251 -1043.406796 3252.736214 
-2852.843330 -1322.755923 3144.582373 
-2587.220833 -1594.306520 3039.000645 
-2283.798769 -1858.539738 2944.470542 
-1931.448062 -2098.271385 2851.882610 
-1536.437173 -2298.509060 2764.739243 
-1102.492118 -2444.372867 2681.500994 
-630.401331 -2524.762575 2602.274370 
-134.195455 -2521.680369 2525.248562 
366.727123 -2427.233146 2454.780953 
851.292972 -2230.972786 2387.873383 
1294.901485 -1923.828813 2319.027201 
1668.915040 -1518.637291 2256.443359 
1940.295615 -1030.092755 2196.779041 
2087.007229 -472.658056 2139.860933 
2084.299972 108.907015 2087.143290 
1918.508260 682.073107 2036.147752 
1590.245880 1190.393926 1986.433904 
1118.855481 1583.603369 1938.978395 
539.959689 1812.645795 1891.359629 
-87.396463 1846.129734 1848.197267 
-699.958613 1668.669270 1809.530103 
-1218.103344 1280.023432 1766.984930 
-1566.710969 730.384903 1728.596358 
-1689.139380 82.742031 1691.164714 
-1555.216698 -568.016350 1655.699716 
-1173.048704 -1120.642124 1622.307626 
-595.207196 -1472.456420 1588.206383 
84.348597 -1553.566329 1555.854436 
734.629898 -1336.015745 1524.670180 
1228.811659 -851.141003 1494.797344 
1455.635199 -191.492371 1468.176816 
1347.572003 502.031349 1438.049296 
925.870658 1064.999509 1411.191138 
279.575617 1358.616680 1387.083923 
-428.383075 1293.893350 1362.964438 
-1011.903988 876.020345 1338.417471 
-1295.073373 215.671271 1312.908656 
-1191.011760 -500.266117 1291.810822 
-718.137996 -1047.105509 1269.705528 
-15.978038 -1247.394498 1247.496827 
678.807472 -1023.026170 1227.746769 
1124.698029 -440.407395 1207.851121 
1149.937176 292.639105 1186.588873 
736.772764 906.602547 1168.230407 
37.893780 1147.634307 1148.259744 
-666.275556 915.748459 1132.483270 
-1072.853103 297.187568 1113.253894 
-1003.437651 -444.927380 1097.655453 
-472.213777 -973.031708 1081.562091 
273.636715 -1028.663043 1064.436333 
875.949541 -581.751318 1051.533258 
1023.064191 153.905080 1034.575813 
634.808054 798.108463 1019.783499 
-91.348538 1002.423902 1006.577486 
-756.292615 640.854837 991.298866 
-974.068254 -81.807077 977.497499 
-612.693943 -742.978215 963.021545 
118.117476 -944.006650 951.367592 
760.771106 -547.490505 937.293193 
904.186179 198.847585 925.793178 
441.520886 799.937527 913.696196 
-314.959415 843.581672 900.460699 
-837.432715 298.120203 888.914623 
-747.089039 -455.540003 875.019272 
-105.699915 -857.632584 864.121590 
604.209012 -603.315770 853.849195 
835.897734 121.315371 844.655220 
388.885778 735.614300 832.082055 
-366.980493 738.019485 824.225359 
-803.628208 117.532547 812.177442 
-540.566841 -594.699476 803.666583 
194.519547 -770.374918 794.553566 
743.428761 -249.164171 784.072131 
598.651882 494.267300 776.327405 
-110.511988 758.628962 766.636030 
-701.781930 287.666189 758.452183 
-586.102364 -461.727445 746.128819 
115.364281 -730.277109 739.333195 
690.154921 -244.024437 732.025779 
530.703285 491.622932 723.421788 
-198.166624 687.424445 715.417625 
-694.735301 124.204029 705.750508 
-406.310189 -568.500790 698.771148 
343.773180 -599.178771 690.793167 
679.523241 69.135455 683.031146 
203.961477 643.390542 674.945682 
-510.871063 430.521144 668.085098 
-585.228853 -310.813337 662.644505 
77.087437 -649.487035 654.045779 
628.465380 -154.603425 647.202405 
350.690708 534.270430 639.084396 
-386.003460 503.336689 634.307885 
-593.055819 -207.435605 628.287143 
19.013273 -619.497037 619.788741 
591.518767 -159.167118 612.559077 
313.631076 521.016320 608.130296 
-415.777954 435.007795 601.750021 
-522.277214 -288.091710 596.464853 
152.046755 -570.086947 590.014697 
581.230531 16.613238 581.467909 
107.100029 565.816616 575.863577 
-526.767025 219.727651 570.757163 
-313.838518 -470.203213 565.319093 
400.894124 -389.644958 559.052137 
447.277616 328.631617 555.027932 
-251.917337 488.179611 549.346592 
-513.278099 -177.840967 543.214338 
110.493160 -525.774772 537.259573 
531.027869 47.470631 533.145439 
7.886394 528.590866 528.649694 
-517.766093 58.736834 521.087078 
-96.781854 -507.903350 517.042107 
495.804712 -131.476715 512.940970 
157.611473 484.443495 509.437804 
-472.823485 173.100024 503.513323 
-184.627975 -462.822985 498.289679 
457.222653 -190.238987 495.220584 
192.000341 448.093599 487.495646 
-447.679125 188.316712 485.674564 
-176.625129 -447.811716 481.385261 
446.313691 -161.374141 474.591956 
135.743472 450.376541 470.388477 
-451.116936 111.077834 464.590976 
-74.735595 -456.547613 462.624180 
457.273904 -36.538450 458.731383 
-7.908782 451.833876 451.903087 
-445.942720 -54.472653 449.257365 
107.435145 -431.517576 444.690599 
409.133291 164.554300 440.985450 
-221.447610 377.704177 437.835002 
-336.369748 -272.242218 432.735985 
325.220886 -281.953556 430.425873 
214.795417 367.845803 425.966672 
-399.560556 138.043866 422.734842 
-51.697142 -415.959155 419.159412 
414.079750 42.078915 416.212295 
-134.052701 389.499686 411.922483 
-340.685124 -223.333081 407.362270 
298.686323 -269.528951 402.317505 
176.415681 357.015213 398.224001 
-389.389873 69.495673 395.542819 
47.239237 -389.409404 392.264234 
356.601617 165.710747 393.223556 
-265.160897 280.378227 385.904459 
-176.347046 -338.961322 382.090379 
374.408056 -49.650009 377.685737 
-85.593510 365.474152 375.363297 
-306.914160 -211.830586 372.918890 
309.022404 -202.581799 369.505388 
68.525328 361.471817 367.909765 
-355.260035 -83.143840 364.859687 
219.304560 -286.161409 360.531332 
165.516301 316.568124 357.226851 
-352.899576 12.146315 353.108544 
145.595348 -319.352670 350.975972 
218.965180 274.066115 350.796217 
-338.566634 62.878496 344.356023 
105.831370 -325.184480 341.972550 
228.875149 249.014386 338.218861 
-327.730811 72.867337 335.733723 
105.361464 -315.450025 332.580451 
216.386951 253.806236 333.527987 
-324.677420 44.792984 327.752709 
134.871099 -294.436981 323.856989 
169.535607 274.229406 322.403612 
-318.948875 -13.612065 319.239210 
196.025565 -251.072992 318.533623 
86.912220 301.476425 313.754313 
-293.039871 -107.001364 311.964193 
259.247217 -165.891469 307.780927 
-29.879436 304.221531 305.685330 
-216.937444 -211.339752 302.863576 
297.855907 -31.787970 299.547352 
-166.684336 249.835104 300.335225 
-78.211513 -285.655731 296.169272 
262.872068 127.419033 292.125545 
-270.675029 108.236709 291.513561 
105.550364 -269.811862 289.722833 
119.136052 261.100274 286.996084 
-268.657729 -94.670910 284.850060 
256.321193 -120.113771 283.068670 
-101.058814 261.920829 280.740814 
-105.594952 -257.454690 278.268237 
250.210415 114.279927 275.072997 
-260.582552 80.751959 272.807891 
142.376521 -229.093953 269.731557 
41.145708 265.983570 269.147225 
-199.346182 -178.924536 267.867299 
264.033754 9.256854 264.195974 
-211.874503 152.638174 261.130652 
74.901972 -249.618930 260.614496 
88.546048 242.277476 257.951116 
-214.844223 -141.153791 257.065036 
253.747301 -8.306729 253.883230 
-202.085717 151.208692 252.393949 
81.933596 -234.184554 248.103849 
59.815045 240.553380 247.878535 
-179.919607 -167.841558 246.052542 
237.324759 50.199329 242.575790 
-228.316913 79.883616 241.888414 
154.823000 -183.521750 240.104965 
-45.774237 234.147027 238.579360 
-74.389707 -226.616638 238.514002 
170.190542 162.050035 235.000073 
-223.000882 -64.874506 232.245764 
228.300068 -41.129475 231.975332 
-183.129973 136.444439 228.371784 
107.005469 -201.731638 228.354602 
-14.323047 225.374393 225.829066 
-76.751859 -209.845248 223.440990 
151.290568 161.007709 220.935100 
-200.510745 -88.972543 219.364245 
221.491923 10.509240 221.741101 
-207.533452 69.407526 218.832215 
168.856040 -133.678540 215.365536 
-112.884083 181.750344 213.953275 
48.538895 -207.571229 213.170916 
17.019851 210.406401 211.093650 
-79.565031 -194.787492 210.410934 
132.485390 161.695886 209.040518 
-168.598179 -119.772906 206.811255 
191.116746 70.285129 203.631064 
-202.447880 -20.914978 203.525380 
196.269793 -28.636789 198.347919 
-185.697999 69.142267 198.152466 
168.046977 -109.653787 200.658265 
-138.310847 138.500551 195.735263 
109.536937 -161.795346 195.386986 
-80.235778 176.320303 193.717912 
49.436910 -187.806887 194.204621 
-19.724567 190.577869 191.595884 
-6.462747 -189.041740 189.152179 
31.453604 185.579991 188.226625 
-48.574653 -181.146101 187.545746 
64.291149 173.337924 184.876683 
-82.542231 -162.992334 182.701179 
94.605684 159.383749 185.346742 
-103.062911 -150.359263 182.290624 
108.977288 143.100209 179.871396 
-114.493392 -140.406110 181.170120 
115.682264 134.819030 177.647283 
-117.296870 -132.756972 177.152390 
115.421561 133.925214 176.799603 
-111.806077 -133.457590 174.102060 
110.806076 133.763752 173.697230 
-103.965432 -138.450151 173.139410 
96.713554 145.339695 174.577027 
-84.244023 -147.279012 169.670748 
75.221727 154.532912 171.868348 
-57.569692 -159.342886 169.423802 
41.913202 160.279534 165.669084 
-21.760366 -166.142292 167.561257 
3.155582 165.100207 165.130361 
17.666751 -162.285648 163.244435 
-45.044434 157.680343 163.988083 
69.644923 -148.418399 163.946444 
-92.062153 131.788000 160.759190 
117.625998 -112.124106 162.504432 
-135.781230 86.138317 160.799104 
149.009752 -54.067777 158.515711 
-158.488887 19.995606 159.745271 
156.276396 18.061360 157.316638 
-146.268876 -57.545181 157.181525 
124.658474 92.540583 155.253002 
-94.085155 -123.727818 155.436769 
54.690777 145.392779 155.338795 
-8.605056 -155.423282 155.661310 
-39.039420 147.896777 152.962522 
84.109837 -126.333537 151.771629 
-122.393871 91.896489 153.053012 
144.920991 -42.473224 151.016781 
-151.903013 -10.603011 152.272615 
135.565657 65.851524 150.713206 
-98.921169 -110.827683 148.553603 
47.805522 142.643873 150.441492 
13.475975 -147.482762 148.097154 
-73.667257 126.295165 146.209896 
121.148662 -83.073955 146.895474 
-142.786181 22.175810 144.497959 
139.041374 45.089523 146.169657 
-99.852941 -104.520507 144.551534 
39.260591 140.195069 145.588638 
32.476493 -141.569151 145.246505 
-95.846933 106.193540 143.051398 
136.304253 -40.006915 142.054225 
-137.858980 -35.032178 142.240472 
97.093854 104.155321 142.392230 
-27.832448 -138.172181 140.947497 
-51.636914 132.730830 142.421361 
116.815097 -80.273486 141.737784 
-141.518868 0.263042 141.519113 
113.641644 84.155533 141.409254 
-44.254698 -134.008658 141.126888 
-44.243656 132.663252 139.846486 
115.599011 -80.115530 140.647181 
-139.148561 -10.293796 139.528793 
100.272397 98.369542 140.467506 
-14.851613 -140.474481 141.257390 
-76.902044 114.047356 137.552622 
134.284724 -33.296497 138.351162 
-122.944622 -62.339811 137.846408 
46.497595 129.486714 137.582104 
54.728231 -127.146372 138.424634 
-127.367577 52.196795 137.648120 
129.079618 52.136640 139.211267 
-53.538096 -128.095653 138.833800 
-56.677873 126.491504 138.609098 
130.265316 -47.574003 138.680707 
-119.992007 -64.372135 136.168475 
32.558929 133.388905 137.305075 
78.513555 -112.754546 137.397110 
-136.174133 10.534388 136.580994 
97.229098 98.166737 138.167310 
17.501997 -137.347176 138.457816 
-117.779150 71.327801 137.693803 
127.764930 52.191517 138.013883 
-35.098232 -135.301502 139.779764 
-88.160267 105.648212 137.600063 
138.799355 12.183331 139.333034 
-70.055089 -119.672555 138.669521 
-61.098743 122.466071 136.861225 
136.754494 -16.480789 137.743994 
-86.034713 -107.832901 137.948927 
-45.751814 128.281908 136.196462 
136.013412 -27.302762 138.726670 
-93.669161 -102.849332 139.111095 
-46.992284 131.421064 139.569949 
137.174987 -23.253799 139.132010 
-83.357304 -112.696857 140.174968 
-58.852729 126.450899 139.475710 
138.329908 -6.504665 138.482757 
-63.721250 -123.241043 138.739873 
-84.199446 110.411600 138.853405 
136.205793 31.251505 139.745035 
-24.628034 -140.660111 142.799884 
-117.715751 78.426976 141.448891 
116.215888 78.369402 140.170953 
30.946362 -137.301935 140.746220 
-142.560652 19.959346 143.951085 
67.271179 124.505231 141.516656 
95.851720 -105.843187 142.794721 
-131.813263 -57.478714 143.800344 
-13.577106 143.503752 144.144597 
142.025571 -29.542126 145.065502 
-68.709769 -124.292802 142.020185 
-104.535252 97.329722 142.830997 
123.123691 73.466561 143.376354 
40.430973 -136.464760 142.328122 
-147.684934 -6.469981 147.826589 
25.589940 141.998950 144.286337 
136.596692 -54.623598 147.113540 
-80.819131 -122.960090 147.142501 
-107.257646 103.840084 149.288197 
121.159582 84.791837 147.882723 
64.221491 -132.843034 147.552267 
-142.784598 -42.706552 149.034529 
-21.049135 146.982985 148.482538 
147.750888 4.931717 147.833172 
-12.608352 -149.851440 150.380932 
-148.147695 27.847290 150.742201 
38.949476 145.651974 150.769888 
142.011573 -50.984055 150.886250 
-58.959791 -139.186106 151.158953 
-136.916181 68.576967 153.130144 
74.375965 135.858547 154.884890 
133.260264 -77.160822 153.987306 
-79.700695 -132.590773 154.701370 
-133.647089 78.009278 154.748157 
78.015746 134.051529 155.100835 
136.526767 -74.810699 155.679795 
-71.018935 -138.203323 155.382906 
-143.491999 64.995115 157.525613 
56.810230 148.912515 159.381114 
151.687830 -44.704621 158.138234 
-29.721335 -157.391080 160.172750 
-157.856906 16.620705 158.729489 
-2.230179 158.809289 158.824947 
156.889026 21.607087 158.369923 
43.346643 -155.104738 161.047853 
-148.443040 -65.616286 162.298592 
-89.635426 137.737894 164.335745 
118.440669 111.634140 162.758635 
133.034834 -96.545147 164.375279 
-67.408486 -146.967337 161.688905 
-158.379317 36.716837 162.579624 
-1.726607 165.206788 165.215810 
161.045961 40.622464 166.090296 
80.165303 -146.675164 167.152863 
-122.866825 -116.456055 169.287535 
-142.321821 88.229503 167.451324 
41.693397 162.843195 168.095941 
168.768425 7.132599 168.919079 
59.441904 -159.956877 170.644491 
-131.671747 -108.675266 170.727158 
-143.690332 90.888956 170.022686 
35.682571 166.265319 170.051175 
169.685059 25.833268 171.640255 
88.392884 -148.889454 173.151296 
-107.168357 -137.129426 174.038893 
-169.381372 46.033257 175.525240 
-26.913244 169.896227 172.014681 
147.131897 95.021668 175.148259 
147.862670 -94.034842 175.231049 
-20.355729 -176.322841 177.493943 
-167.706123 -61.176770 178.515940 
-129.335009 119.082372 175.807156 
42.684529 172.569169 177.769758 
173.897224 41.557370 178.793902 
121.282289 -132.639623 179.729417 
-53.027758 -174.757523 182.625669 
-178.064475 -42.049355 182.962033 
-129.309720 127.980619 181.934170 
37.373157 179.289782 183.143602 
172.889115 64.737019 184.611829 
148.849346 -108.533412 184.216257 
-4.513770 -183.713432 183.768875 
-155.474096 -101.773985 185.822868 
-173.938127 66.025295 186.047874 
-50.861038 181.288000 188.287504 
112.155469 150.527961 187.716585 
188.392281 1.106018 188.395528 
121.511336 -146.556037 190.377721 
-36.575596 -186.024944 189.586534 
-165.248289 -93.203955 189.720780 
-180.526351 63.727481 191.444392 
-69.435368 177.857947 190.931191 
85.312272 173.354088 193.209274 
185.992170 55.622612 194.131302 
168.029346 -94.739134 192.897290 
51.271707 -188.028734 194.893799 
-98.122578 -169.145204 195.545750 
-190.044816 -49.745129 196.447473 
-174.650399 93.884257 198.285187 
-65.005624 187.396898 198.351527 
77.242166 184.206027 199.745370 
181.450378 86.596027 201.054997 
193.462902 -51.334814 200.157832 
117.785303 -162.197352 200.452884 
-12.307380 -201.044668 201.421027 
-136.522331 -150.014447 202.836587 
-199.810068 -35.500550 202.939282 
-183.793024 90.974302 205.076082 
-92.934934 184.976875 207.010497 
32.048604 200.751716 203.293788 
144.027086 148.432696 206.823758 
200.731613 43.108751 205.308414 
195.223903 -76.045764 209.512125 
122.615838 -167.855609 207.870510 
15.044566 -209.781516 210.320288 
-94.569340 -186.823261 209.395059 
-177.812111 -112.849327 210.599424 
-210.632682 -10.502193 210.894340 
-189.160782 94.402239 211.408572 
-120.807524 171.361925 209.664892 
-28.556002 211.951783 213.866789 
71.641055 203.762685 215.989982 
153.385004 150.277184 214.732837 
203.807217 67.585090 214.721043 
217.253564 -22.139332 218.378711 
187.646665 -111.097008 218.068375 
128.755350 -174.540094 216.892104 
52.297508 -211.619780 217.986148 
-29.857107 -217.299489 219.341092 
-106.051621 -192.272758 219.580873 
-168.642893 -142.332397 220.678355 
-206.282961 -78.811092 220.825379 
-220.762918 -3.643593 220.792984 
-213.035722 62.513118 222.018263 
-188.109847 129.832638 228.564714 
-140.331939 176.088900 225.167390 
-87.562467 207.662632 225.368485 
-27.952114 225.161279 226.889670 
28.140153 223.860209 225.621943 
85.958420 210.988795 227.826955 
132.335798 188.044837 229.942655 
166.378287 155.425397 227.681331 
197.311240 117.488565 229.641652 
214.517280 75.991957 227.579527 
227.804087 37.724055 230.906489 
231.971442 0.956670 231.973414 
229.821980 -38.327416 232.995994 
221.263860 -73.209375 233.060739 
212.231959 -98.219612 233.857856 
199.187428 -125.295238 235.317930 
184.776299 -145.792353 235.367141 
173.062844 -162.388252 237.319810 
157.678585 -177.371132 237.324787 
147.527841 -186.950389 238.148928 
135.675823 -197.013272 239.211535 
126.053491 -203.029292 238.977773 
118.383655 -207.341366 238.757475 
115.473490 -210.345655 239.957125 
114.797144 -211.086576 240.283014 
116.202077 -211.654841 241.455367 
119.889907 -209.931799 241.753903 
128.433767 -206.842037 243.472505 
139.069902 -201.952444 245.204460 
152.112482 -192.874658 245.639657 
163.657799 -184.083293 246.313893 
180.654009 -169.623796 247.806584 
194.191280 -153.208367 247.352091 
210.607946 -132.461502 248.800636 
225.778894 -104.614246 248.837797 
236.960770 -78.221975 249.537740 
247.554169 -41.272987 250.971165 
251.443228 0.809520 251.444531 
248.498647 41.107523 251.875775 
235.665320 83.573951 250.045493 
217.876654 129.787922 253.604300 
185.070399 172.710291 253.140075 
147.658364 210.221380 256.896907 
96.304445 237.491992 256.275228 
31.938251 253.564972 255.568478 
-32.040450 256.336247 258.330915 
-100.404808 237.992722 258.305365 
-162.068624 202.791942 259.597401 
-217.916049 149.889234 264.488538 
-248.951762 73.015334 259.438276 
-259.651543 -5.040745 259.700467 
-243.972079 -93.380195 261.232150 
-200.298137 -169.783323 262.575171 
-126.791343 -230.388040 262.972800 
-35.572344 -261.818793 264.224284 
64.019707 -256.490236 264.359158 
157.774135 -212.608742 264.754896 
230.696409 -135.241962 267.415821 
267.895513 -26.721635 269.224909 
253.093136 85.198727 267.048608 
191.299746 188.486323 268.556673 
89.195830 256.220291 271.301923 
-36.945493 268.134217 270.667560 
-155.242806 218.397101 267.950784 
-243.182240 120.002773 271.179401 
-271.765233 -14.561784 272.155079 
-230.035555 -147.644341 273.340827 
-122.457955 -244.692594 273.624590 
21.440302 -275.193417 276.027360 
163.640462 -221.090156 275.061917 
259.925101 -99.117953 278.182363 
268.866655 59.905576 275.459536 
191.935146 201.720455 278.442530 
41.015953 273.338910 276.399110 
-128.645411 250.497183 281.599859 
-252.732917 123.200922 281.162577 
-275.689134 -51.656589 280.486901 
-187.536994 -210.411498 281.856564 
-14.657948 -281.547327 281.928631 
167.781929 -227.210350 282.445249 
274.979426 -69.384588 283.598141 
256.340159 126.731688 285.956637 
107.399507 265.216618 286.137220 
-97.504731 269.085500 286.206532 
-255.350580 132.328215 287.601591 
-276.419940 -77.944796 287.199189 
-140.966560 -250.936899 287.820948 
79.239253 -277.566872 288.655898 
252.963871 -137.905325 288.112128 
277.191238 87.902688 290.795229 
124.247667 263.517967 291.340354 
-110.797046 268.549982 290.508310 
-277.307453 93.116437 292.523665 
-251.865389 -148.216081 292.239937 
-50.245919 -289.197783 293.530254 
193.762553 -223.484657 295.785934 
295.036449 9.828467 295.200110 
171.438258 241.354596 296.045803 
-88.057638 284.725197 298.031182 
-280.682995 97.826591 297.242301 
-244.681329 -170.874129 298.440816 
1.134489 -297.870513 297.872673 
247.675078 -168.801113 299.727810 
278.998991 114.520344 301.588041 
53.138334 296.899651 301.617449 
-221.747093 204.680359 301.771143 
-293.017039 -81.600194 304.167021 
-77.812460 -295.251735 305.333205 
214.483425 -215.134354 303.785994 
292.722765 83.209804 304.319714 
62.899342 298.316099 304.875093 
-232.390559 196.353689 304.236985 
-284.648668 -118.535140 308.343061 
-20.730607 -308.017527 308.714358 
267.795919 -151.841179 307.848011 
251.101170 180.471627 309.227757 
-62.771204 301.102431 307.575841 
-305.457686 65.461255 312.393300 
-178.321443 -256.413022 312.323830 
173.260643 -260.646744 312.979193 
305.982888 64.817485 312.772816 
47.090784 309.006665 312.574249 
-275.420904 150.591427 313.901979 
-232.160555 -214.671114 316.199637 
129.037879 -289.991482 317.404842 
315.187920 34.281787 317.046788 
58.522906 312.239707 317.676825 
-282.394057 146.648342 318.201414 
-217.455926 -236.954846 321.612622 
173.421053 -269.996258 320.893816 
304.626872 101.700359 321.154938 
-28.288075 320.401210 321.647557 
-317.044332 44.755659 320.187722 
-108.333648 -301.939171 320.785664 
278.411345 -167.342459 324.832842 
215.277019 242.890633 324.561326 
-203.609677 256.388052 327.401487 
-284.640600 -160.400932 326.724242 
118.124531 -304.809580 326.897973 
316.473689 76.459711 325.578997 
-37.942617 325.173099 327.379271 
-328.480051 -1.258280 328.482461 
-28.005703 -330.341865 331.526873 
325.595693 -57.248043 330.590220 
81.572659 322.917728 333.061493 
-317.180801 99.869589 332.532096 
-113.873716 -311.534915 331.694478 
309.756427 -123.508663 333.471789 
130.415530 307.652146 334.152740 
-308.229873 131.952943 335.286794 
-132.992781 -308.824735 336.243657 
311.789288 -127.543810 336.867902 
119.507367 317.214579 338.979498 
-321.427215 106.013614 338.458773 
-86.155324 -326.878282 338.041641 
332.505903 -65.306099 338.858469 
37.723355 338.058014 340.156247 
-340.958875 8.433145 341.063150 
27.481977 -340.849801 341.955912 
333.932461 67.873231 340.760420 
-108.495627 324.518792 342.175024 
-307.035801 -155.538497 344.184845 
202.258967 -278.451447 344.156792 
242.235640 246.490216 345.594461 
-289.414394 194.268360 348.569774 
-134.695203 -320.472701 347.628465 
342.323270 -66.824318 348.784619 
-7.539047 346.781918 346.863858 
-340.601748 -86.350369 351.377200 
165.482748 -305.363711 347.320508 
255.483782 238.437660 349.463132 
-300.063785 181.448153 350.658962 
-95.167026 -336.855206 350.040273 
354.423378 7.174905 354.495995 
-113.492611 336.010395 354.659779 
-284.031571 -213.860197 355.542004 
294.584148 -199.210018 355.618407 
87.993033 344.440640 355.502642 
-357.111749 -38.010430 359.128938 
163.438829 -317.392837 357.002050 
234.453207 269.690729 357.353320 
-341.134230 114.030466 359.688073 
31.685219 -361.146656 362.533944 
315.512756 173.515788 360.077808 
-289.773982 214.027981 360.245663 
-68.603443 -354.721137 361.294225 
349.272275 92.096979 361.210431 
-243.463523 270.507716 363.935312 
-125.319457 -344.407149 366.498637 
362.176266 50.531554 365.684407 
-221.966442 292.900625 367.504935 
-146.882694 -336.267477 366.947329 
365.281614 46.033721 368.170831 
-228.508798 286.934922 366.807743 
-123.850965 -348.190667 369.561635 
360.566731 82.227355 369.823885 
-267.937978 255.463343 370.205726 
-63.847124 -366.795895 372.311273 
338.966461 159.429871 374.587967 
-325.660213 183.006362 373.558433 
43.727598 -373.673547 376.223368 
271.214151 259.805138 375.573994 
-371.031746 57.447585 375.452769 
186.865681 -327.862247 377.375722 
137.943664 351.099391 377.225711 
-357.336959 -121.276768 377.356273 
323.811267 -195.051421 378.019568 
-68.331971 373.020509 379.227581 
-230.695166 -301.031321 379.262595 
380.304110 32.462000 381.687041 
-288.040928 253.221893 383.521712 
17.502220 -383.455972 383.855194 
260.119818 283.981617 385.107619 
-384.283302 -22.554564 384.944625 
293.480052 -250.688455 385.973111 
-44.890773 383.625722 386.243286 
-226.176846 -313.251572 386.370953 
378.814554 87.101256 388.699235 
-341.999172 182.549289 387.669546 
144.980303 -364.311416 392.099599 
118.263948 374.063888 392.313846 
-325.835714 -215.628754 390.723268 
390.194370 -32.188639 391.519802 
-293.252593 260.650639 392.346580 
80.840110 -385.853200 394.230663 
159.034704 362.909062 396.225976 
-339.240305 -203.112115 395.396657 
395.877347 -23.071176 396.549055 
-317.036045 239.525965 397.346879 
138.168478 -372.652579 397.442415 
80.824226 392.199606 400.441115 
-274.366100 -290.567342 399.632503 
384.972735 110.976305 400.649157 
-387.882336 99.257711 400.380818 
291.882303 -278.476129 403.415707 
-124.198848 385.183374 404.711731 
-69.111562 -398.625611 404.572349 
245.718321 322.161098 405.173131 
-362.073969 -179.736176 404.230939 
407.263070 4.688391 407.290055 
-371.333187 167.135033 407.213034 
269.395174 -307.134171 408.540278 
-124.219462 391.846573 411.064730 
-36.175853 -408.266779 409.866387 
188.940920 366.303669 412.161436 
-311.223108 -272.236192 413.488049 
386.845456 147.323319 413.948749 
-415.454592 -4.963607 415.484242 
393.890665 -130.749011 415.024289 
-332.706418 250.177867 416.272177 
241.096545 -342.692488 419.005591 
-130.263465 398.241178 419.004304 
13.238840 -419.265428 419.474393 
100.163679 407.154991 419.294586 
-203.086197 -369.115486 421.295912 
287.588417 307.516316 421.038457 
-353.769182 -232.226650 423.180636 
395.576221 150.087893 423.092096 
-420.165306 -63.277177 424.903383 
426.675670 -20.402089 427.163169 
-413.750061 97.620306 425.110382 
393.592159 -169.279655 428.451152 
-362.796002 229.359696 429.216506 
322.767652 -279.524329 426.981039 
-284.768873 322.131808 429.956059 
246.222853 -357.120817 433.775254 
-204.901711 379.594377 431.365973 
168.142839 -401.829257 435.590135 
-130.505665 415.591469 435.600732 
103.444301 -422.920620 435.387843 
-75.516327 432.171085 438.719230 
55.858423 -433.614790 437.197838 
-40.003715 434.850010 436.686190 
33.615263 -438.383944 439.670864 
-28.384754 440.810051 441.722985 
28.742128 -439.778873 440.717105 
-36.441604 440.072335 441.578589 
47.496906 -441.756271 444.302329 
-66.500938 438.043892 443.063005 
89.252351 -435.895402 444.939079 
-117.480565 431.903767 447.596411 
151.654955 -418.200300 444.849094 
-193.545313 406.214393 449.966578 
233.363142 -385.972315 451.035458 
-273.697329 356.041516 449.083276 
319.365247 -318.431679 450.991015 
-361.759694 272.118579 452.679354 
401.037348 -215.104488 455.083394 
-432.445322 143.956990 455.776888 
451.095701 -66.049558 455.905556 
-455.883217 -21.836241 456.405881 
446.730362 113.114799 460.828574 
-409.865051 -209.729168 460.408171 
350.771505 295.213345 458.466539 
-274.162605 -373.527897 463.344606 
170.769483 430.554003 463.183512 
-52.697827 -462.560257 465.552416 
-74.857604 459.475821 465.533770 
206.128735 -420.110723 467.955206 
-324.383449 339.100837 469.269645 
414.085628 -222.421106 470.040483 
-464.210956 76.202843 470.423942 
464.576299 85.058085 472.298650 
-408.525819 -239.822134 473.717216 
297.210070 372.464730 476.512120 
-135.414030 -453.980589 473.746066 
-49.862508 473.623531 476.241030 
232.698713 -417.579687 478.039210 
-382.562453 288.890497 479.386848 
468.845082 -104.637947 480.379861 
-468.536070 -107.723924 480.760328 
376.676444 304.960396 484.650376 
-198.240176 -441.568976 484.027198 
-27.254918 484.918895 485.684224 
253.695640 -417.156150 488.242493 
-426.056774 240.918521 489.454910 
488.858479 0.313401 488.858580 
-422.925931 -249.078106 490.822010 
232.791183 433.318555 491.890948 
27.480681 -491.102113 491.870383 
-290.264427 400.762423 494.837304 
463.250679 -174.778550 495.124967 
-484.903299 -112.711952 497.830486 
334.987604 370.832901 499.733664 
-59.799855 -497.543850 501.124640 
-248.264592 438.021724 503.486185 
462.551437 -202.837816 505.071293 
-490.312406 -122.380056 505.354464 
310.949010 398.695536 505.615879 
10.936987 -511.105284 511.222289 
-334.149528 386.045008 510.574829 
506.155190 -75.395577 511.739748 
-432.418014 -275.795582 512.882581 
138.527523 494.903841 513.925759 
235.724884 -461.270841 518.012558 
-489.751986 174.462077 519.898091 
474.222808 214.460551 520.461909 
-186.227785 -486.224938 520.668300 
-219.328649 476.129396 524.217758 
495.502436 -172.763842 524.757096 
-465.298853 -244.305450 525.536083 
131.877994 509.108453 525.911800 
295.404467 -440.373449 530.275942 
-528.417755 67.204462 532.674163 
390.641175 363.525533 533.620970 
30.837429 -534.085189 534.974707 
-437.525437 311.646813 537.170591 
515.687449 152.134358 537.660123 
-193.997769 -504.194653 540.229010 
-292.319586 457.755319 543.130438 
544.838989 -33.736351 545.882465 
-340.729549 -424.824804 544.584924 
-158.801879 524.083784 547.614690 
525.240844 -158.405155 548.607453 
-421.974862 -357.804754 553.251323 
-73.623882 550.626072 555.526369 
510.511123 -222.087161 556.726427 
-454.112313 -324.049709 557.876516 
-52.637031 557.100136 559.581288 
512.858335 -229.563194 561.892277 
-448.804616 -341.235744 563.797319 
-87.858983 560.359495 567.205399 
540.796385 -175.953918 568.700722 
-399.671991 -406.421878 570.014424 
-192.396304 540.003346 573.253828 
573.211834 -55.055588 575.849741 
-289.127638 -501.378292 578.770233 
-342.223265 467.349927 579.251860 
565.774141 135.991490 581.888360 
-88.798007 -577.350911 584.139676 
-506.074433 294.765854 585.660517 
456.012338 369.594981 586.981859 
190.937766 -558.385249 590.128221 
-593.337472 4.766001 593.356613 
198.408490 564.773953 598.611349 
476.208071 -359.840090 596.874373 
-486.404033 -350.130926 599.316735 
-199.947111 567.862103 602.035061 
603.049120 37.184701 604.194458 
-121.550509 -596.551609 608.808959 
-550.035747 267.558441 611.659090 
391.534073 475.668790 616.084189 
376.990145 -488.966120 617.421603 
-559.798419 -266.947890 620.189846 
-151.920478 604.072357 622.883010 
624.680279 36.156434 625.725769 
-73.239407 -621.836244 626.134431 
-608.636981 172.475288 632.603114 
261.886055 577.992281 634.554476 
537.360175 -340.124876 635.956672 
-406.669569 -492.899884 639.007382 
-448.665156 459.864497 642.476286 
507.146595 402.107667 647.215763 
358.941258 -542.491017 650.488532 
-567.290870 -316.153729 649.439845 
-284.731488 591.026534 656.036877 
605.851693 252.974441 656.545765 
232.950270 -620.836830 663.101951 
-628.952307 -218.351892 665.776654 
-213.940161 632.479818 667.683393 
639.613322 217.269623 675.508172 
226.669252 -638.050991 677.117432 
-635.583025 -243.933786 680.785923 
-266.629129 629.227218 683.387140 
616.871391 300.746314 686.278849 
343.275763 -599.290209 690.642457 
-573.360715 -387.846599 692.219253 
-442.516000 542.277888 699.918365 
496.924711 497.365725 703.069579 
553.753088 -438.567816 706.388145 
-368.665106 -606.424800 709.693595 
-655.870090 283.414915 714.485541 
181.803101 696.239894 719.584851 
719.047442 -65.771628 722.049258 
62.578975 -725.007005 727.702746 
-704.441502 -199.251139 732.078442 
-339.942634 653.892384 736.977777 
570.014969 472.648767 740.482223 
593.838045 -454.324197 747.699204 
-302.861171 -689.240260 752.845950 
-748.421224 120.537393 758.065691 
-78.469142 758.243676 762.293171 
710.424485 283.950961 765.069342 
478.078647 -604.646020 770.815155 
-439.971984 -641.016998 777.481921 
-749.920563 221.460349 781.937042 
-34.872226 786.639425 787.412000 
735.790291 294.045324 792.369866 
535.422602 -593.049974 798.990385 
-366.686122 -718.175251 806.371133 
-807.550810 75.372421 811.060609 
-238.461778 780.694623 816.301485 
630.157383 530.211837 823.542907 
745.017945 -365.801135 829.977234 
-25.807891 -835.167109 835.565764 
-771.591185 -334.503831 840.979054 
-644.038703 553.480556 849.191720 
208.907193 828.683207 854.609895 
839.360157 197.921198 862.379425 
575.533113 -651.315846 869.166668 
-292.963065 -825.688924 876.121885 
-871.849533 -148.086329 884.336570 
-572.640386 683.519173 891.692476 
294.291461 850.590186 900.061736 
884.515431 198.149102 906.438423 
647.535786 -647.247113 915.549791 
-187.920739 -905.200110 924.500646 
-862.670942 -349.014127 930.597665 
-783.867819 519.536325 940.407758 
-31.763223 947.648707 948.180876 
757.601412 586.228515 957.926809 
928.470153 -260.539235 964.332680 
364.230686 -904.203739 974.806850 
-490.997744 -852.754789 984.006867 
-983.588346 -151.719374 995.220982 
-754.125275 666.942763 1006.736102 
21.167271 1018.381321 1018.601280 
790.374676 659.070065 1029.109070 
1026.350922 -154.344076 1037.891280 
587.388616 -871.782480 1051.204109 
-236.956102 -1033.811138 1060.619471 
-920.337773 -554.250429 1074.344058 
-1052.908748 268.790994 1086.676323 
-563.853887 943.515134 1099.159685 
251.797233 1081.567678 1110.491103 
935.316635 622.581504 1123.576849 
1125.730000 -175.212655 1139.283770 
730.277040 -889.213294 1150.654091 
-34.903685 -1165.450692 1165.973235 
-792.073930 -873.745545 1179.327091 
-1180.897964 -168.834205 1192.906111 
-1041.544895 618.579947 1211.386363 
-441.062546 1143.261802 1225.391251 
352.054430 1192.413702 1243.299143 
1009.899731 751.288754 1258.702609 
1278.646149 14.058850 1278.723436 
1065.671640 -738.700418 1296.662775 
464.092428 -1230.114363 1314.748314 
-308.191288 -1298.037751 1334.122885 
-982.338803 -933.546305 1355.174611 
-1348.515863 -262.521826 1373.831410 
-1306.639339 495.362763 1397.387073 
-876.241005 1116.601089 1419.364749 
-197.250776 1428.486321 1442.040581 
543.602932 1358.850168 1463.549769 
1151.696115 942.867880 1488.423253 
1487.760945 290.062674 1515.773395 
1476.562056 -436.694503 1539.784918 
1140.705256 -1074.360417 1566.990360 
563.848673 -1493.145842 1596.060723 
-134.622161 -1619.556148 1625.141607 
-812.938653 -1443.596130 1656.755576 
-1353.315908 -1007.802575 1687.344060 
-1672.878105 -401.101343 1720.291673 
-1733.066855 275.540740 1754.834301 
-1538.410137 916.505394 1790.722728 
-1127.749201 1440.816284 1829.691183 
-567.324437 1777.089759 1865.450355 
63.743958 1904.771812 1905.838122 
695.978070 1821.532351 1949.965533 
1259.581439 1545.723402 1993.942385 
1705.921389 1118.608278 2039.963790 
2002.380023 587.654331 2086.830940 
2136.321895 10.692003 2136.348651 
2111.620950 -575.283133 2188.582582 
1945.930240 -1119.128485 2244.792433 
1656.928331 -1599.148347 2302.756377 
1275.778499 -1993.434154 2366.725693 
831.287735 -2282.584244 2429.244765 
349.753651 -2470.143882 2494.782238 
-145.040535 -2562.260512 2566.362345 
-630.433735 -2563.771775 2640.146285 
-1088.955050 -2490.770725 2718.411651 
-1516.478639 -2353.438620 2799.710842 
-1906.232560 -2166.524141 2885.749370 
-2249.302383 -1945.473151 2973.924510 
-2554.615284 -1708.318770 3073.176251 
-2820.586913 -1455.659938 3174.059922 
-3049.270181 -1202.471802 3277.802171 
-3255.684744 -955.924955 3393.121818 
-3434.364299 -728.124226 3510.701215 
-3599.398493 -521.382429 3636.964276 
-3753.977535 -337.869536 3769.151517 
-3905.697921 -182.318928 3909.950952 
-4057.126586 -65.427362 4057.654110 
-4216.144660 14.933205 4216.171106 
-4375.399894 50.118615 4375.686930 
-4553.674624 38.559658 4553.837879 
-4738.012964 -27.090546 4738.090411 
-4932.121026 -154.231562 4934.531912 
-5129.706216 -349.273801 5141.583224 
-5322.928337 -620.589820 5358.982908 
-5503.416648 -971.454204 5588.498732 
-5656.758390 -1409.196262 5829.644036 
-5768.026543 -1940.813822 6085.793990 
-5814.503634 -2564.193647 6354.804605 
-5769.709567 -3283.786755 6638.735116 
-5604.980152 -4085.696404 6936.044810 
-5290.794060 -4956.904014 7250.062013 
-4789.989030 -5866.664355 7573.753730 
-4077.601833 -6787.558910 7918.193776 
-3120.578825 -7665.000668 8275.883485 
-1907.765887 -8434.970665 8648.022942 
-432.048484 -9028.615488 9038.947036 
1284.982171 -9354.785632 9442.626404 
3204.486639 -9325.732857 9860.934436 
5255.074444 -8852.365257 10294.667457 
7320.033516 -7858.874274 10739.869438 
9262.972688 -6293.646080 11198.778683 
10908.053217 -4142.377398 11668.115336 
12059.601070 -1446.172213 12146.003130 
12516.507061 1681.599823 12628.963813 
12108.043093 5061.590147 13123.429520 
10689.366845 8429.806320 13613.383053 
8214.503729 11464.055740 14103.284919 
4748.079743 13794.865913 14589.125635 
484.043567 15057.769854 15065.547821 
-4238.182789 14946.287623 15535.562657 
-8939.404211 13251.234321 15984.622569 
-13049.974453 9952.314707 16411.898161 
-15973.631061 5240.620081 16811.335108 
-17173.301047 -444.906789 17179.063156 
-16277.436159 -6442.440895 17505.998189 
-13183.900603 -11944.593521 17790.125056 
-8125.622561 -16090.269571 18025.607254 
-1691.406686 -18120.657008 18199.424908 
5216.620401 -17559.295150 18317.804851 
11512.060632 -14312.630670 18367.877849 
16118.443374 -8768.227419 18349.006209 
18170.969724 -1767.612020 18256.741028 
17229.694076 5516.393054 18091.239600 
13404.084499 11787.727874 17849.930243 
7370.769006 15918.975947 17542.577660 
252.091244 17168.381407 17170.232093 
-6626.534069 15372.674297 16740.073740 
-12005.759932 10985.208961 16273.078610 
-14987.458794 4932.241797 15778.178927 
-15201.434639 -1596.544508 15285.043979 
-12811.051491 -7434.906636 14812.186773 
-8428.670832 -11675.441539 14399.945387 
-2887.825714 -13770.696888 14070.239164 
2916.666765 -13548.985565 13859.363436 
8168.914016 -11106.000419 13786.747314 
12105.463786 -6745.066439 13857.783904 
14042.731748 -981.629879 14076.999402 
13381.063469 5365.320992 14416.640694 
9827.610447 11138.413082 14854.163494 
3655.992564 14900.502416 15342.465704 
-4040.976865 15316.916953 15841.004986 
-11373.429116 11694.214922 16312.864632 
-16100.365654 4486.096915 16713.672239 
-16403.296701 -4499.017658 17009.094701 
-11750.513878 -12525.940084 17174.799893 
-3350.230006 -16866.678988 17196.188566 
6123.165491 -15935.051162 17070.999126 
13497.438059 -10002.089974 16799.483266 
16367.253065 -1165.452668 16408.694427 
14033.124626 7550.406630 15935.407966 
7626.446338 13411.978398 15428.669686 
-565.784557 14944.065825 14954.772333 
-8079.216090 12132.882983 14576.713694 
-13023.421170 6063.862461 14365.929379 
-14262.670987 -1638.182964 14356.442007 
-11370.821031 -9082.244749 14552.757148 
-4724.621072 -14160.987743 14928.349478 
4138.900462 -14843.249735 15409.495765 
12324.034062 -10077.647951 15919.824238 
16353.695716 -872.950354 16376.977923 
13841.556533 9352.995258 16705.304773 
5255.126711 16021.914472 16861.734789 
-5770.740222 15793.982269 16815.210930 
-14125.326315 8664.884933 16571.212219 
-16052.931691 -1913.181729 16166.535813 
-11112.225852 -11035.570317 15660.950661 
-2023.930236 -15026.489145 15162.178920 
7241.576640 -12868.506645 14766.140170 
13336.046164 -5885.775487 14577.121814 
14253.928482 3349.468893 14642.179450 
9402.477109 11620.020062 14947.623290 
-1.128564 15421.422328 15421.422369 
-10302.517292 12159.772332 15937.437865 
-16211.537214 2346.873494 16380.529724 
-13773.081361 -9356.315311 16650.477662 
-3685.014968 -16267.609999 16679.762301 
8357.589398 -14189.091568 16467.532300 
15394.841182 -4531.478736 16047.910598 
13935.469455 6860.291056 15532.575521 
5598.616428 13970.884310 15050.917391 
-4943.828675 13894.790356 14748.106353 
-12885.714096 7143.948121 14733.554307 
-14618.074033 -3397.563115 15007.715468 
-8564.317409 -12902.250631 15485.980887 
3117.877471 -15698.922040 16005.540076 
13820.194776 -8861.718629 16417.303089 
16070.283273 4111.650265 16587.937557 
7787.755385 14518.587689 16475.391419 
-5275.287323 15208.755748 16097.667773 
-14222.617807 6358.336820 15579.194600 
-14002.211301 -5628.489377 15091.117056 
-5722.675992 -13662.390450 14812.492475 
5737.911138 -13713.404791 14865.432896 
14222.275939 -5442.926550 15228.216649 
14046.861070 7132.644180 15754.012788 
3836.534381 15776.894780 16236.668530 
-9910.320320 13188.285577 16496.827735 
-16430.244756 548.102389 16439.384386 
-10510.242992 -12170.880606 16080.906146 
2596.443713 -15333.190314 15551.470835 
12937.159366 -7732.986507 15072.132324 
14128.287756 4593.922010 14856.400451 
5827.825392 13838.726745 15015.788582 
-7165.851324 13714.103642 15473.398590 
-15751.381490 2854.953478 16008.022308 
-11912.384722 -11249.185077 16384.415604 
2245.256874 -16279.724786 16433.825408 
14299.960885 -7463.693398 16130.579669 
13986.734824 6927.327038 15608.222542 
2829.620523 14847.175782 15114.409714 
-9848.109350 11188.168805 14905.045420 
-15068.950153 -1012.394448 15102.920288 
-8314.822972 -13201.147447 15601.492716 
6446.058391 -14778.635945 16123.267323 
16190.219787 -2626.168686 16401.828518 
10780.915223 12223.180448 16298.290503 
-4381.032574 15239.240676 15856.478260 
-14596.149818 4616.765784 15308.890091 
-11828.112230 -9174.516398 14969.167982 
810.618137 -15027.101775 15048.949782 
13377.826457 -7835.063746 15503.369460 
14154.599714 7569.639461 16051.546176 
504.744293 16354.780404 16362.567307 
-13941.390023 8374.768056 16263.428168 
-13778.953940 -7750.089856 15808.967849 
-400.397711 -15255.911029 15261.164426 
12505.987535 -8243.329854 14978.391479 
13754.421225 6387.884241 15165.393773 
1417.216985 15621.281608 15685.437293 
-13539.085900 8870.142708 16185.990197 
-14144.153226 -8193.667635 16346.047223 
996.105020 -16021.001293 16051.937816 
14167.052282 -6285.141440 15498.657145 
11993.445632 9110.759880 15061.496729 
-2085.094431 14930.472419 15075.364853 
-14588.924068 5332.562263 15532.962555 
-11558.708453 -11178.366362 16079.789041 
5536.730697 -15357.455306 16325.036609 
16052.793278 -1123.149175 16092.036419 
7476.568697 13624.424869 15541.043482 
-8658.326095 12356.854978 15088.355633 
-14947.188987 -2175.612578 15104.692936 
-4583.497562 -14887.774694 15577.364515 
12302.591020 -10414.475505 16118.779292 
14360.334236 7705.818175 16297.203230 
-1893.785496 15864.105953 15976.741883 
-14817.663319 4201.327167 15401.762763 
-9656.929915 -11544.653741 15051.090505 
6688.574441 -13701.555014 15246.955035 
15772.653089 1070.307943 15808.926104 
4480.052219 15612.759118 16242.817341 
-13275.724463 9252.840864 16182.086518 
-12745.723225 -9130.346007 15678.541984 
3785.310871 -14681.345819 15161.480583 
14990.676879 -1984.227808 15121.426959 
7375.810888 13747.098775 15600.811229 
-11117.921547 11696.564450 16137.465707 
-14480.497323 -7344.043980 16236.372276 
2738.639963 -15571.603082 15810.596807 
15075.329684 -2272.930117 15245.713378 
7164.866504 13293.632302 15101.522168 
-10588.332753 11368.731865 15535.792697 
-14372.042670 -7240.968350 16093.080288 
3447.988423 -15858.593516 16229.097710 
15795.708914 -661.348344 15809.547803 
4904.439869 14433.758582 15244.242101 
-12182.870116 8970.934369 15129.441091 
-12416.157115 -9439.947469 15597.229424 
6429.455894 -14800.730069 16136.899134 
15870.713342 3163.873117 16183.004513 
410.795222 15677.151277 15682.532477 
-14566.085257 4225.051523 15166.472895 
-7981.348111 -12962.817879 15222.896079 
11120.893397 -11201.528850 15784.439126 
13466.180490 9023.467529 16209.903863 
-6458.678667 14679.929383 16037.919342 
-15087.146513 -3304.179308 15444.726958 
-237.615492 -15114.362715 15116.230397 
15009.797846 -3678.783003 15454.043994 
6521.845151 14658.003084 16043.426024 
-13701.058518 8623.387229 16188.941034 
-10259.775292 -11912.249164 15721.471597 
9490.152211 -11857.119707 15187.306435 
13566.490460 6986.724756 15259.881593 
-4871.058901 15081.176258 15848.315120 
-15901.022135 -3148.383034 16209.713775 
1383.481073 -15841.929196 15902.224389 
15281.084287 -811.479710 15302.615342 
3318.165951 14814.407596 15181.465598 
-14691.496426 5560.840573 15708.692342 
-7079.516483 -14547.299175 16178.487783 
13828.920617 -8022.717667 15987.590318 
9018.005597 12455.527183 15377.404929 
-10985.904830 10450.915297 15162.840614 
-12006.861694 -10040.762751 15651.889482 
9581.907416 -13010.119386 16157.851224 
13253.498397 8964.717815 16000.668275 
-7739.076182 13303.239540 15390.564721 
-13826.029871 -6258.217977 15176.442081 
5286.415794 -14756.633317 15674.961525 
15359.568089 5025.876363 16160.933299 
-4826.690868 15207.074024 15954.687245 
-14793.502929 -4041.830079 15335.713850 
2945.814204 -14926.272027 15214.184761 
15594.874780 2391.536966 15777.185061 
-2613.412557 15964.129208 16176.629642 
-15569.973896 -2858.470142 15830.190734 
2457.345453 -15044.011224 15243.386120 
15206.063914 1849.068509 15318.075405 
-1964.254224 15817.118348 15938.617490 
-15901.966813 -2776.927034 16142.610454 
3310.555085 -15271.515769 15626.226955 
14841.770429 3170.328099 15176.598094 
-3213.622464 15187.766120 15524.033273 
-15552.910936 -4169.964866 16102.224863 
5406.976637 -15052.911158 15994.546904 
14169.850318 5944.072918 15366.088016 
-6132.307104 13952.690594 15240.825609 
-14157.273157 -7085.398274 15831.337655 
8689.905544 -13616.642427 16153.247641 
12283.049953 9747.968228 15681.077792 
-10108.872023 11340.767354 15192.178836 
-11009.200878 -10945.888922 15524.657428 
12557.005043 -10080.576870 16102.683183 
8144.774535 13706.500076 15943.823148 
-13910.600761 6407.167959 15315.241258 
-5368.308625 -14342.985043 15314.697432 
15480.106595 -3808.535253 15941.726411 
1208.583775 16044.407460 16089.862817 
-15460.351519 -1143.069802 15502.550682 
2682.492119 -14977.308891 15215.634906 
15042.425666 4702.655516 15760.378765 
-7571.739031 14250.276829 16136.964449 
-12233.243841 -9796.834488 15672.594579 
11047.828034 -10444.161733 15203.125290 
9028.744143 12734.124867 15610.129946 
-14761.911782 6488.325271 16124.900132 
-3053.725014 -15496.167674 15794.190357 
15227.299595 -339.534721 15231.084557 
-2146.746600 15365.321958 15514.562186 
-15063.659572 -5668.966021 16095.061834 
9064.493996 -13023.887870 15867.788335 
10500.850236 11073.948874 15261.068093 
-12980.538797 8404.578264 15463.871548 
-5232.878822 -15197.547635 16073.222294 
15867.154445 -905.704380 15892.982433 
-2657.548399 15041.664920 15274.627558 
-14331.914460 -5794.654662 15459.036022 
9756.277282 -12774.023699 16073.600339 
9202.946127 12941.263203 15879.877540 
-14274.370379 5412.569944 15266.091939 
-1958.776931 -15367.422076 15491.754850 
15851.926785 2724.949204 16084.431322 
-7514.227152 13928.757528 15826.367112 
-10940.289003 -10620.681245 15247.583205 
13387.020455 -7953.386955 15571.405869 
3304.748903 15762.092280 16104.810411 
-15574.851688 -2186.896393 15727.635580 
6380.073888 -13831.526496 15232.086792 
11704.958598 10451.137423 15691.791779 
-14296.995034 7413.029085 16104.566657 
-1795.232114 -15480.613002 15584.358737 
14971.694374 2932.240554 15256.135391 
-7990.389865 13684.675167 15846.660993 
-9662.260394 -12815.805770 16050.051509 
14848.016592 -4148.454354 15416.655611 
-864.080355 15334.460925 15358.786629 
-14509.080886 -6753.219830 16003.731009 
12041.413966 -10382.839358 15899.654192 
5003.555166 14436.192390 15278.717715 
-15556.932476 -386.392924 15561.730223 
7015.193519 -14484.540193 16093.938136 
9853.932698 12168.784964 15658.202870 
-14576.414987 4481.667745 15249.826873 
1652.807489 -15746.709368 15833.212830 
13482.114458 8671.277246 16029.923872 
-13051.760153 8151.041520 15387.914769 
-2448.578016 -15225.194920 15420.833138 
15339.556381 4720.576095 16049.480634 
-11201.043325 11109.943721 15776.381748 
-5171.899781 -14347.461916 15251.170800 
15680.542840 1472.115705 15749.493592 
-9100.128549 13225.376327 16053.750920 
-7083.520563 -13708.301674 15430.288343 
15390.695541 -518.168938 15399.415842 
-7222.851149 14321.277019 16039.593330 
-8476.688431 -13295.220107 15767.597294 
15200.583871 -1354.048759 15260.773180 
-6121.186282 14552.943258 15787.877596 
-9267.417061 -13071.158630 16023.114770 
15317.007489 -1343.258608 15375.794683 
-6050.652013 14253.226253 15484.342039 
-9262.155204 -13133.140093 16070.684109 
15628.135071 -623.780107 15640.578871 
-6981.864873 13608.468695 15294.994519 
-8332.792347 -13577.239116 15930.375084 
15870.736336 844.166460 15893.171139 
-8722.170846 12546.163419 15280.133534 
-6405.278904 -14329.239561 15695.690626 
15736.183732 3126.580963 16043.783437 
-10997.342502 10794.176803 15409.600740 
-3432.675090 -15091.006023 15476.489300 
14823.800206 6181.635432 16061.060648 
-13395.210062 8007.599004 15606.194104 
561.227751 -15317.164683 15327.443052 
12679.006501 9723.029991 15977.938480 
-15302.606441 3918.605838 15796.367798 
5333.762272 -14315.369210 15276.741001 
8889.591441 13112.457636 15841.760674 
-15872.532406 -1444.649416 15938.139694 
10241.791436 -11371.127785 15303.491070 
3315.891351 15342.312748 15696.550446 
-14152.304566 -7508.524145 16020.788350 
14122.099766 -6077.777856 15374.429598 
-3563.254423 15151.501655 15564.857355 
-9436.806962 -12987.463053 16053.894299 
15411.844951 1229.178532 15460.784089 
-10363.116280 11481.812332 15466.938723 
-1842.912454 -15947.445275 16053.577081 
12647.788405 9045.554644 15549.553381 
-14822.807405 4182.892711 15401.695062 
7080.075499 -14385.295502 16033.221627 
5398.747151 14658.602795 15621.174946 
-14460.994036 -5176.867056 15359.697295 
14187.072007 -7419.386918 16010.006695 
-4647.911866 14964.296653 15669.500919 
-8038.309784 -13064.935978 15339.718912 
15642.804792 3311.560023 15989.489409 
-13312.522054 8318.507398 15697.796303 
2754.158488 -15082.814075 15332.210193 
9194.954113 13069.501368 15979.957671 
-15358.383923 -3279.231156 15704.563468 
12637.741520 -8683.843475 15333.676931 
-3095.192486 15680.479801 15983.042993 
-7983.914765 -13508.054405 15691.093932 
14896.889913 3689.508238 15346.980163 
-13961.426119 7802.350100 15993.688954 
5373.273860 -14707.794632 15658.585343 
6362.551627 13988.762336 15367.743325 
-14649.279383 -6467.761178 16013.535559 
14998.856217 -4303.755291 15604.101942 
-7804.644229 13287.307706 15409.899987 
-2726.087640 -15794.399736 16027.932394 
11694.718872 10222.840996 15532.962612 
-15471.354350 376.666342 15475.938840 
12273.936454 -10311.467325 16030.467070 
-3091.642234 15139.063117 15451.520436 
-7756.075411 -13498.279763 15567.924150 
14729.828400 6279.344344 16012.432985 
-14857.444317 3957.020131 15375.358856 
9003.328307 -12844.549549 15685.737908 
132.047044 15949.878841 15950.425432 
-9479.558734 -12037.307511 15321.840813 
15389.379647 3667.820655 15820.427120 
-14806.710381 5621.023786 15837.758070 
8039.576018 -13040.774579 15319.810188 
1304.076335 15888.937703 15942.363577 
-9652.382334 -12355.734054 15679.051270 
14881.406315 3942.720754 15394.846568 
-15114.547623 5290.711617 16013.780917 
9500.347954 -12254.590977 15505.857321 
-403.386529 15541.671408 15546.905507 
-8110.273422 -13791.799705 15999.696063 
13749.480920 6856.874751 15364.405518 
-15592.269992 2246.392158 15753.258750 
12436.407084 -9863.631511 15873.104540 
-4800.813040 14554.708178 15326.034581 
-3893.564667 -15454.810157 15937.722636 
10768.705860 11362.255662 15654.580149 
-15021.206551 -3557.994628 15436.838149 
15364.728588 -4517.554325 16015.092309 
-10760.440424 11059.791091 15430.685568 
3293.323640 -15317.112938 15667.160858 
4205.314947 15352.738110 15918.267534 
-10903.758312 -10777.840570 15331.464140 
15370.605237 4101.619192 15908.450124 
-15361.797477 3098.372973 15671.143443 
11537.817422 -10260.794457 15440.373498 
-5896.973783 14882.239693 16007.977951 
-1347.694483 -15350.916480 15409.961622 
8793.444815 13027.616881 15717.616655 
-13515.606918 -8303.538737 15862.546641 
15306.794275 1076.047794 15344.570044 
-14787.345371 6022.641776 15966.771655 
10815.804337 -11185.209474 15559.258801 
-4437.090244 14908.245654 15554.534976 
-1803.390875 -15859.875515 15962.075993 
7959.121348 13117.715891 15343.470365 
-13236.930681 -8769.642229 15878.380229 
15336.450182 3247.604978 15676.531577 
-15032.491118 3615.725004 15461.217822 
13050.842546 -9241.407447 15991.500954 
-8245.576357 12981.376164 15378.740409 
2356.427947 -15636.007912 15812.573987 
3020.466628 15452.102005 15744.544294 
-8730.950904 -12711.068393 15420.789973 
13064.735233 9221.430939 15991.313119 
-14873.130224 -4003.608524 15402.560952 
15660.273141 -1952.261647 15781.491703 
-14297.125429 6637.726843 15762.842801 
10624.163478 -11172.948933 15417.770185 
-6774.099135 14483.497905 15989.375556 
1796.896899 -15294.259821 15399.455248 
3701.689176 15361.437827 15801.147898 
-7756.255597 -13683.009829 15728.453798 
11722.225179 10063.321429 15449.304234 
-14569.121513 -6562.648200 15978.975345 
15250.224786 1963.018166 15376.046187 
-15582.271122 2953.057303 15859.625492 
14179.992573 -6621.056721 15649.619212 
-11315.965881 10629.871129 15525.631840 
8623.694915 -13407.505684 15941.434147 
-4476.994010 14689.850587 15356.926308 
394.437528 -15930.340619 15935.223036 
3094.814248 15218.702600 15530.189440 
-7306.835692 -13849.077539 15658.441701 
10086.223073 12215.555675 15841.454994 
-12523.977190 -8953.397283 15395.237171 
14709.990737 6238.062761 15978.024111 
-15129.137457 -2911.315094 15406.704897 
15806.605536 -820.427642 15827.882994 
-15267.495098 3490.658023 15661.452679 
13896.983918 -6959.507701 15542.229874 
-12846.011739 9388.340910 15911.032733 
10306.662215 -11405.404491 15372.395311 
-8336.467250 13609.553818 15959.844652 
5895.204276 -14282.239041 15451.077163 
-2976.563490 15496.667995 15779.944523 
981.430036 -15667.097787 15697.807426 
2027.737138 15390.183048 15523.190785 
-4012.109179 -15400.962255 15914.982200 
6187.343766 14075.657917 15375.544500 
-8390.875874 -13576.574967 15960.268975 
9579.748513 12105.256829 15437.254434 
-11599.766882 -10746.608814 15812.785736 
12328.877202 9633.513087 15646.270720 
-13574.484125 -7653.382879 15583.352937 
14354.939010 6741.777086 15859.250684 
-14649.210906 -4784.074081 15410.604952 
15530.732733 3681.107545 15961.021646 
-15220.049735 -2277.151520 15389.455253 
15881.772944 821.552439 15903.007899 
-15514.156883 -56.648276 15514.260305 
15657.564834 -1543.811610 15733.489467 
-15589.862708 1942.158579 15710.372344 
15187.411963 -3301.155970 15542.043394 
-15445.241314 3683.139134 15878.318335 
14734.662085 -4506.812972 15408.492137 
-15126.762257 5071.433430 15954.258786 
14452.950808 -5296.031137 15392.716878 
-14735.071508 6016.379502 15916.003100 
14362.767954 -5772.264939 15479.281179 
-14401.692525 6474.174270 15789.986703 
14442.531236 -5982.695323 15632.637391 
-14232.486897 6463.835279 15631.533827 
14640.261300 -5911.917333 15788.857383 
-14276.042057 6014.153672 15491.140088 
14914.681603 -5508.285521 15899.337618 
-14516.876008 5166.031243 15408.684819 
15231.789752 -4718.432238 15945.877895 
-14886.876678 3930.097785 15396.907671 
15536.389976 -3495.621804 15924.785251 
-15278.135296 2310.727400 15451.889181 
15742.099661 -1813.780917 15846.245705 
-15546.981403 303.665257 15549.946731 
15734.574615 320.634092 15737.841165 
-15524.890389 -2083.904560 15664.127163 
15359.638263 2864.096309 15624.389116 
-15024.958494 -4795.959248 15771.829407 
14437.582368 5709.369593 15525.485042 
-13855.828615 -7713.709926 15858.288288 
12786.284670 8676.797991 15452.375190 
-11845.737795 -10624.141306 15912.067194 
10259.211957 11505.075246 15414.869004 
-8884.023753 -13227.257259 15933.807224 
6786.348270 13827.139489 15402.737072 
-4969.092048 -15134.940555 15929.792886 
2443.644854 15227.510737 15422.337158 
-266.201311 -15902.688139 15904.916007 
-2499.396818 15251.102769 15454.550143 
4840.833271 -15107.531822 15864.147772 
-7551.798834 13536.370088 15500.418730 
9743.375363 -12460.154775 15817.358201 
-11981.998147 9914.123383 15551.788387 
13628.350770 -7935.282480 15770.245805 
-14919.533965 4546.026179 15596.757604 
15609.323013 -1895.350638 15723.972748 
-15521.710719 -1944.088863 15642.985173 
14927.633631 4809.374082 15683.249819 
-13199.082149 -8464.155172 15679.849883 
11229.995766 10895.464088 15646.850884 
-7939.328216 -13557.804061 15711.364788 
4858.740824 14845.598158 15620.472050 
-527.066113 -15725.651262 15734.481444 
-2999.121223 15306.938711 15597.983870 
7389.699658 -13909.838565 15750.913305 
-10381.428409 11624.563094 15585.394539 
13557.955706 -8033.878129 15759.484786 
-14966.467933 4318.864720 15577.154903 
15756.430862 601.480308 15767.907029 
